step	cap_aorta	cap_aorta_2	cap_top(2)	cap_top(3)	cap_top(4)	
00000	-0.001199	-0.000233	0.000373	0.000178	0.000263	
00010	-199.184866	94.015369	68.446706	22.971761	13.745650	
00020	-202.741200	112.949176	55.988683	21.342929	12.457752	
00030	-206.227508	119.563610	52.550453	21.657272	12.454434	
00040	-209.641731	122.956947	51.834811	22.215869	12.630057	
00050	-212.981849	125.310834	51.913149	22.867845	12.886601	
00060	-216.245880	127.396952	52.179393	23.515536	13.151464	
00070	-219.411552	129.362566	52.508536	24.132145	13.406306	
00080	-222.496058	131.250234	52.878583	24.715266	13.649803	
00090	-225.497577	133.065487	53.286015	25.262965	13.881630	
00100	-228.414337	134.809086	53.725933	25.775991	14.102208	
00110	-231.244603	136.486023	54.184653	26.259219	14.314226	
00120	-233.986684	138.102762	54.649453	26.716746	14.517133	
00130	-236.615846	139.649436	55.122322	27.139788	14.703400	
00140	-239.152574	141.111949	55.634533	27.531377	14.874252	
00150	-241.595397	142.494089	56.165593	27.900152	15.035130	
00160	-243.942867	143.845828	56.642078	28.263455	15.190567	
00170	-246.193587	145.216995	57.004600	28.629441	15.341671	
00180	-248.346226	146.596874	57.272678	28.985830	15.490362	
00190	-250.374112	147.937245	57.506284	29.303341	15.630528	
00200	-252.300600	149.205573	57.760016	29.581302	15.756594	
00210	-254.124573	150.378431	58.032864	29.845802	15.868088	
00220	-255.844954	151.440593	58.318548	30.105248	15.980890	
00230	-257.460715	152.415371	58.602030	30.342420	16.101249	
00240	-258.970888	153.349265	58.858410	30.548589	16.214879	
00250	-260.347578	154.214893	59.104727	30.725164	16.302976	
00260	-261.616395	154.964105	59.382064	30.892712	16.378386	
00270	-262.776607	155.609812	59.651261	31.063218	16.453264	
00280	-263.827531	156.184680	59.891891	31.228321	16.523553	
00290	-264.768539	156.689976	60.122450	31.375119	16.581820	
00300	-265.599064	157.138424	60.317327	31.510749	16.633308	
00310	-266.290658	157.569443	60.406560	31.636159	16.679039	
00320	-266.870561	158.011430	60.375860	31.758846	16.724804	
00330	-267.338445	158.449331	60.253798	31.870119	16.765536	
00340	-267.694042	158.834879	60.098812	31.962321	16.798528	
00350	-267.937136	159.136005	59.944389	32.033813	16.823422	
00360	-268.067557	159.320625	59.831749	32.078790	16.836725	
00370	-268.057026	159.377661	59.748070	32.096668	16.834681	
00380	-267.933732	159.334772	59.671767	32.102170	16.824978	
00390	-267.697767	159.204240	59.596780	32.092162	16.804569	
00400	-267.349278	158.988080	59.525914	32.063309	16.771973	
00410	-266.888465	158.694827	59.448635	32.015776	16.729178	
00420	-266.315584	158.327525	59.355703	31.951574	16.680687	
00430	-265.603185	157.876405	59.244251	31.861909	16.620443	
00440	-264.779727	157.333965	59.136908	31.755013	16.553661	
00450	-263.845723	156.698067	59.026159	31.638189	16.483252	
00460	-262.801731	155.999019	58.877900	31.515276	16.409749	
00470	-261.648361	155.266390	58.662293	31.387589	16.332608	
00480	-260.386276	154.498640	58.389550	31.249598	16.249479	
00490	-258.989549	153.675317	58.065766	31.093633	16.156122	
00500	-257.486207	152.812126	57.678567	30.932602	16.064246	
00510	-255.877167	151.932372	57.201940	30.768064	15.976075	
00520	-254.163377	151.034276	56.653543	30.592650	15.883954	
00530	-252.345839	150.088098	56.076999	30.401230	15.780593	
00540	-250.425636	149.068175	55.498147	30.194275	15.666065	
00550	-248.378977	147.953936	54.925451	29.964209	15.536263	
00560	-246.232771	146.754867	54.356417	29.721843	15.400440	
00570	-243.988304	145.489307	53.772531	29.468249	15.259258	
00580	-241.646912	144.155401	53.185809	29.198184	15.108946	
00590	-239.209979	142.737232	52.616585	28.909992	14.947888	
00600	-236.678928	141.236376	52.050100	28.612958	14.781245	
00610	-234.032731	139.676138	51.438850	28.310789	14.608511	
00620	-231.296508	138.083441	50.769405	28.010061	14.435013	
00630	-228.471888	136.458905	50.053283	27.702421	14.258569	
00640	-225.560547	134.784565	49.320958	27.378719	14.077562	
00650	-222.564208	133.045906	48.589727	27.037420	13.892449	
00660	-219.484641	131.244323	47.855297	26.682078	13.704076	
00670	-216.304062	129.383386	47.108824	26.308217	13.504719	
00680	-213.045192	127.465724	46.361079	25.922929	13.296364	
00690	-209.709969	125.492928	45.606987	25.530011	13.080867	
00700	-206.300373	123.470627	44.836847	25.132280	12.861467	
00710	-202.818419	121.406409	44.041987	24.730318	12.640533	
00720	-199.266156	119.306111	43.218829	24.322644	12.419397	
00730	-195.629517	117.171872	42.363008	23.902318	12.193137	
00740	-191.928242	115.006503	41.486110	23.473085	11.963347	
00750	-188.164540	112.807850	40.591541	23.036713	11.729230	
00760	-184.340642	110.572823	39.682878	22.595263	11.490483	
00770	-180.458805	108.298705	38.763587	22.150216	11.247167	
00780	-176.521320	105.984727	37.835246	21.701910	11.000285	
00790	-172.518162	103.632783	36.893964	21.244916	10.747226	
00800	-168.465625	101.249543	35.946038	20.779987	10.490797	
00810	-164.366117	98.838331	34.992497	20.305079	10.231080	
00820	-160.222070	96.400194	34.035255	19.819529	9.968171	
00830	-156.035936	93.936898	33.072378	19.324822	9.703077	
00840	-151.810189	91.449799	32.102001	18.822530	9.437024	
00850	-147.539076	88.935759	31.125932	18.310581	9.167812	
00860	-143.235062	86.393231	30.153456	17.792446	8.896906	
00870	-138.900698	83.822999	29.184877	17.270164	8.623638	
00880	-134.538546	81.226705	28.221191	16.744856	8.346700	
00890	-130.151186	78.602738	27.265767	16.217279	8.065976	
00900	-125.741217	75.948922	26.320771	15.688529	7.783362	
00910	-121.307336	73.268686	25.379349	15.158744	7.500873	
00920	-116.857830	70.571800	24.434580	14.629405	7.222299	
00930	-112.395326	67.870001	23.474436	14.100911	6.950036	
00940	-107.922473	65.176881	22.489258	13.573300	6.682842	
00950	-103.441926	62.499510	21.486632	13.043331	6.414640	
00960	-98.956327	59.832324	20.474155	12.505777	6.142753	
00970	-94.468849	57.176457	19.461096	11.965858	5.872661	
00980	-89.983402	54.529788	18.431741	11.424814	5.599693	
00990	-85.502647	51.891409	17.393078	10.889122	5.327644	
01000	-81.029238	49.258533	16.361894	10.360907	5.055624	
01010	-76.565823	46.621352	15.341182	9.831749	4.773906	
01020	-72.115048	43.979111	14.341343	9.303626	4.489507	
01030	-67.684463	41.338545	13.364005	8.780394	4.208482	
01040	-63.273529	38.703258	12.390496	8.257407	3.925913	
01050	-58.884853	36.079428	11.422002	7.738499	3.648400	
01060	-54.521035	33.468452	10.459800	7.221829	3.374231	
01070	-50.184658	30.872888	9.502844	6.708550	3.103388	
01080	-45.878297	28.302119	8.543584	6.200243	2.835171	
01090	-41.613703	25.767125	7.577957	5.700126	2.571130	
01100	-37.385891	23.272278	6.601117	5.205645	2.309394	
01110	-33.197359	20.804988	5.633025	4.710689	2.046370	
01120	-29.050583	18.350392	4.694358	4.217929	1.786980	
01130	-24.948023	15.903431	3.790426	3.724660	1.528449	
01140	-20.892113	13.464628	2.920776	3.232855	1.272686	
01150	-16.898520	11.038776	2.087406	2.747626	1.023550	
01160	-12.957933	8.649876	1.247075	2.275813	0.784210	
01170	-9.072678	6.323546	0.379348	1.816443	0.552639	
01180	-5.245053	4.063304	-0.515640	1.368130	0.326717	
01190	-1.477326	1.883429	-1.449963	0.934937	0.110820	
01200	2.228262	-0.257750	-2.344162	0.491285	-0.115306	
01210	5.852519	-2.438591	-3.095584	0.033179	-0.350980	
01220	9.408850	-4.641011	-3.779457	-0.411228	-0.576992	
01230	12.895160	-6.790843	-4.475373	-0.837390	-0.792134	
01240	16.309387	-8.877878	-5.175458	-1.253412	-1.003546	
01250	19.649506	-10.900072	-5.883591	-1.656517	-1.209543	
01260	22.913528	-12.828395	-6.640823	-2.039196	-1.405620	
01270	26.079208	-14.652828	-7.432688	-2.403050	-1.590661	
01280	29.163715	-16.418545	-8.201199	-2.766801	-1.776348	
01290	32.165234	-18.174844	-8.889681	-3.136047	-1.966493	
01300	35.081993	-19.937948	-9.485316	-3.504572	-2.154434	
01310	37.912259	-21.692592	-10.012978	-3.867745	-2.339274	
01320	40.654345	-23.412007	-10.504407	-4.220490	-2.518027	
01330	43.283498	-25.065966	-10.982574	-4.552155	-2.683368	
01340	45.820230	-26.639866	-11.473620	-4.867658	-2.839599	
01350	48.263052	-28.129135	-11.977876	-5.168359	-2.988097	
01360	50.610522	-29.535406	-12.489412	-5.455435	-3.130517	
01370	52.861245	-30.865738	-12.997516	-5.731048	-3.267071	
01380	55.013875	-32.130190	-13.483760	-5.998765	-3.401333	
01390	57.041763	-33.338890	-13.922667	-6.252531	-3.527771	
01400	58.968256	-34.502004	-14.320228	-6.497261	-3.649312	
01410	60.792230	-35.616643	-14.679205	-6.731219	-3.765665	
01420	62.512610	-36.675061	-15.010288	-6.952625	-3.875220	
01430	64.128369	-37.667764	-15.322945	-7.160675	-3.977465	
01440	65.638540	-38.586408	-15.622674	-7.355997	-4.073887	
01450	67.015230	-39.426740	-15.898409	-7.531682	-4.158770	
01460	68.284049	-40.195214	-16.157381	-7.694655	-4.236965	
01470	69.444263	-40.896060	-16.393269	-7.846071	-4.308979	
01480	70.495188	-41.533684	-16.600724	-7.986598	-4.374956	
01490	71.436199	-42.109165	-16.776187	-8.116088	-4.434586	
01500	72.266722	-42.621832	-16.919814	-8.235459	-4.489379	
01510	72.958312	-43.066616	-17.023311	-8.336208	-4.532560	
01520	73.538216	-43.446188	-17.099443	-8.423529	-4.568179	
01530	74.006104	-43.756326	-17.155226	-8.497064	-4.596279	
01540	74.361702	-43.994159	-17.191894	-8.557004	-4.616943	
01550	74.604793	-44.158663	-17.209831	-8.603763	-4.630491	
01560	74.735216	-44.250722	-17.207484	-8.639949	-4.639779	
01570	74.724683	-44.268126	-17.162738	-8.654894	-4.636252	
01580	74.601389	-44.219425	-17.093467	-8.658441	-4.627551	
01590	74.365424	-44.106114	-16.995817	-8.648887	-4.611875	
01600	74.016935	-43.926596	-16.871795	-8.626238	-4.589490	
01610	73.556123	-43.679195	-16.722834	-8.590660	-4.560486	
01620	72.983238	-43.361554	-16.549018	-8.543130	-4.526508	
01630	72.270837	-42.971215	-16.339792	-8.475650	-4.481035	
01640	71.447383	-42.512394	-16.108860	-8.394550	-4.428566	
01650	70.513381	-41.984319	-15.856781	-8.299723	-4.369174	
01660	69.469388	-41.387135	-15.584133	-8.191641	-4.303090	
01670	68.316016	-40.721018	-15.290280	-8.070940	-4.230569	
01680	67.053933	-39.986050	-14.972378	-7.938909	-4.153401	
01690	65.657208	-39.182467	-14.618264	-7.788279	-4.065442	
01700	64.153868	-38.315534	-14.239325	-7.625126	-3.971160	
01710	62.544822	-37.385863	-13.835953	-7.449570	-3.870598	
01720	60.831030	-36.393515	-13.408948	-7.261866	-3.763776	
01730	59.013500	-35.338071	-12.959292	-7.062394	-3.650886	
01740	57.093292	-34.220425	-12.489918	-6.853860	-3.535285	
01750	55.046633	-33.035668	-11.983420	-6.625180	-3.406545	
01760	52.900428	-31.789652	-11.458030	-6.384893	-3.272222	
01770	50.655962	-30.483452	-10.911734	-6.133120	-3.132012	
01780	48.314571	-29.119136	-10.343353	-5.870328	-2.986156	
01790	45.877635	-27.697425	-9.753258	-5.596764	-2.834679	
01800	43.346584	-26.217141	-9.142186	-5.313083	-2.678835	
01810	40.700386	-24.676040	-8.503422	-5.012563	-2.513102	
01820	37.964161	-23.077093	-7.850302	-4.700306	-2.341257	
01830	35.139541	-21.420032	-7.183827	-4.376864	-2.163703	
01840	32.228204	-19.709640	-6.497419	-4.044340	-1.981765	
01850	29.231868	-17.953137	-5.783874	-3.703923	-1.795965	
01860	26.152297	-16.150169	-5.046023	-3.354714	-1.606417	
01870	22.971720	-14.295738	-4.282618	-2.990449	-1.408096	
01880	19.712849	-12.392828	-3.503833	-2.616545	-1.204915	
01890	16.377626	-10.442523	-2.710337	-2.233210	-0.996993	
01900	12.968029	-8.445739	-1.902354	-1.840853	-0.784614	
01910	9.486073	-6.405025	-1.077493	-1.440674	-0.568525	
01920	5.933811	-4.323737	-0.231466	-1.033919	-0.350142	
01930	2.297171	-2.204165	0.643484	-0.616171	-0.125707	
01940	-1.404101	-0.049073	1.535483	-0.190389	0.102604	
01950	-5.167803	2.145189	2.437412	0.244225	0.335400	
01960	-8.991704	4.380723	3.344899	0.687557	0.572797	
01970	-12.873542	6.660880	4.251094	1.140319	0.815456	
01980	-16.811026	8.976913	5.173963	1.595833	1.058569	
01990	-20.814183	11.338325	6.060793	2.084348	1.324935	
02000	-24.866719	13.899546	6.772690	2.593157	1.595910	
02010	-28.966226	16.294898	7.803930	3.034429	1.827768	
02020	-33.110273	18.659120	8.857252	3.508596	2.080082	
02030	-37.296409	21.062441	9.896472	3.993794	2.338381	
02040	-41.522163	23.516025	10.908692	4.489682	2.602450	
02050	-45.793267	26.023872	11.893079	4.997631	2.873523	
02060	-50.097278	28.578243	12.854782	5.512202	3.147638	
02070	-54.431645	31.165834	13.806059	6.031655	3.423642	
02080	-58.793799	33.782960	14.747506	6.556769	3.702236	
02090	-63.181158	36.426586	15.681843	7.085887	3.982550	
02100	-67.591127	39.079638	16.632768	7.613143	4.261068	
02110	-72.025006	41.722853	17.620279	8.138520	4.538591	
02120	-76.474518	44.351978	18.638240	8.663415	4.815958	
02130	-80.937019	46.974130	19.673989	9.189883	5.094190	
02140	-85.409867	49.598364	20.713160	9.719550	5.374019	
02150	-89.890419	52.230814	21.747196	10.252476	5.655204	
02160	-94.376020	54.870305	22.776692	10.787386	5.936842	
02170	-98.863493	57.512933	23.803281	11.323719	6.218816	
02180	-103.348942	60.157604	24.823746	11.861489	6.501529	
02190	-107.829695	62.804970	25.834265	12.400581	6.785528	
02200	-112.303104	65.453937	26.834042	12.940196	7.070968	
02210	-116.766523	68.101076	27.825535	13.479191	7.357342	
02220	-121.217297	70.741349	28.813233	14.016573	7.643337	
02230	-125.647878	73.369286	29.800049	14.550231	7.925554	
02240	-130.058815	75.981870	30.790069	15.080912	8.202576	
