8253
928
207
209
208
210
211
212
2961
2963
2962
2964
2965
2966
3073
3075
3074
3076
3077
3078
3121
3122
3151
3152
3153
3154
3155
3156
3497
3523
3495
3524
3496
3498
3525
3526
3500
3499
3527
3528
3502
3551
3552
3553
3554
3555
3556
3504
3538
3557
3536
3558
3559
3560
3577
3579
3578
3580
3581
3582
3583
3584
3587
3588
3589
3590
3506
3591
3592
3518
3593
3534
3594
3595
3596
3562
3597
3598
3561
3604
3605
3606
3603
3623
3624
3400
3399
3631
3632
3633
3634
3635
3636
3647
3532
3648
3649
3650
3651
3652
3663
3664
3508
3667
3668
3669
3670
3671
3672
3673
3675
3674
3676
3677
3678
3683
3684
3680
3687
3688
3679
1149
3689
3690
3691
3692
3693
3694
3695
3696
3685
3686
3697
3698
3666
3646
3699
3700
3665
3459
3701
3702
3703
3704
3705
3706
1182
1181
3707
3708
3711
3712
3713
3714
3715
3716
3717
3718
3719
3720
3721
3722
1154
3725
3726
3727
3728
3729
3730
3733
3734
3737
3738
3739
3740
3749
3750
3751
3752
3753
3754
3757
3758
3759
3760
1170
1179
1177
3767
3768
1178
1180
3769
3770
3771
3772
3773
3774
3775
3776
3777
3778
3463
3779
3780
3781
3782
3783
3784
3785
3786
3787
3788
3791
3792
3793
3794
3795
3796
1163
3797
3798
3799
3800
3801
3802
3805
3806
3807
3808
3809
3810
3811
3812
3813
3814
3815
3816
3817
3818
3819
3821
3820
3822
3823
3824
3827
3828
3829
3830
3831
3832
3833
3834
3835
3836
3837
3838
3839
3840
3841
3842
3845
3846
3847
3848
3849
3850
3853
3854
3855
3856
3859
3860
3861
3862
3863
3864
3869
3870
3879
3880
3885
3886
3889
3890
3893
3894
3895
3896
3899
3900
3901
3902
3903
3904
3905
3906
3907
3908
3911
3912
3915
3916
3917
3918
3612
3653
3654
3919
3920
3921
3922
3923
3924
3925
3926
3927
3928
3929
3930
3935
3936
3937
3938
3939
3940
3941
3942
3943
3944
3945
3946
3947
3948
3949
3950
3951
3952
3953
3954
3955
3956
3957
3958
3959
3960
3961
3962
3963
3964
3965
3966
3973
3974
3975
3976
3979
3980
3981
3982
3983
3984
3989
3990
3991
3992
3995
3996
3997
3998
3999
4000
4001
4002
4005
4006
4007
4008
4009
4010
4013
4014
4015
4016
4017
4018
4019
4020
4021
4022
4023
4024
4025
4026
4027
4028
28
32
4029
4030
4031
4032
4033
4034
4037
4038
4039
4040
4041
4042
4043
4044
4045
4046
3763
3766
4047
4048
4049
4051
4052
4053
2946
4060
4062
4071
4073
4074
4075
4076
4077
4103
4105
3507
4078
4324
4325
4326
5701
5702
5703
5757
5758
5759
5781
5796
5797
5798
5950
5951
5974
5969
5968
5982
5983
5970
5984
5971
5996
5997
5998
5972
5989
5988
5999
6000
6009
6010
6011
6012
6014
6015
5973
6016
5979
5987
6017
6018
6022
6023
6032
6019
5920
6036
6037
6038
5952
6043
5986
6044
6045
6046
6052
6040
6053
6054
6055
6056
6057
6058
6059
6062
6063
6060
6064
4795
6065
6066
6067
6068
6069
6070
6071
6072
6073
4811
6074
6076
6077
6078
6079
6080
6081
4797
6083
6084
6085
6087
6089
6090
6095
6096
6097
6099
6100
4805
4810
4809
6104
6105
6106
6107
6108
6109
6110
6111
6112
6113
6114
6116
6117
6118
4802
4801
6119
6120
6121
6123
6124
6125
6126
6127
6128
6129
6130
6131
6132
6134
6135
6136
6137
6138
6139
6140
6141
6143
6144
6145
6147
6148
6150
6151
6152
6155
6160
6163
6165
6167
6168
6170
6171
6172
6173
6174
6176
6178
6179
6026
6047
6180
6181
6182
6183
6184
6185
6188
6189
6190
6191
6192
6193
6194
6195
6196
6197
6198
6199
6200
6201
6202
6203
6207
6208
6210
6211
6212
6215
6216
6218
6219
6220
6221
6223
6224
6225
6227
6228
6229
6230
6231
6232
6233
4235
6235
6236
6237
6239
6240
6241
6242
6243
6102
6244
5694
6257
6258
6259
7132
7398
6617
7722
6995
6587
8103
7133
7543
6714
7623
7081
6571
7521
6790
8038
7984
8239
7653
7409
7651
6996
7931
7297
6804
7538
6449
7448
7876
7826
7855
6492
7424
6573
7899
7544
8003
6619
8131
6857
7047
6656
8140
6753
6769
7599
6795
7760
6814
7011
7796
7369
7395
6398
8164
7517
7647
7534
7258
7417
7175
7035
7726
7311
7367
6732
7382
7864
6468
7001
6729
8153
6649
7764
7157
7153
7472
7250
7004
6461
7562
6653
7825
6835
6914
7046
7497
6657
7278
7768
7972
7126
6949
7572
6779
7172
6890
7691
6565
8117
7357
7802
6798
6916
6720
7379
6750
6864
6383
7110
7832
6647
7836
6428
7444
7162
7606
7815
6456
7167
7596
7151
7189
7440
6764
7771
6541
7471
7062
6718
7091
7334
6600
7954
6894
7575
6834
7817
6549
6989
6498
7114
7533
7589
7706
7513
7087
6700
7833
8176
6734
6962
6556
8063
6520
7098
7119
7965
6558
6723
6484
6797
7816
7559
8133
6851
7795
7849
7086
6721
7058
7465
7261
7406
7625
7973
7279
8213
6932
7712
7228
7453
7693
7247
7655
6437
6850
6757
6972
8169
6920
7516
8240
6741
7008
6396
7671
7100
6384
7839
7262
7358
6971
6867
7578
7037
6771
6782
7913
7758
7600
6392
6749
7508
7627
8081
7387
7542
6519
7923
7327
7006
7375
7893
7502
6755
8013
8201
7700
6886
6921
8110
7624
8049
6542
7523
7772
8052
7871
7959
7981
8145
7022
7999
8008
7830
7292
6899
8025
7129
7908
7055
7591
6438
7029
7032
8241
7709
7858
7936
7271
7921
6666
7455
6993
7732
8221
6547
8144
8205
6994
6825
