9307
1224
53
55
54
56
57
58
95
97
96
98
99
100
191
192
193
194
50
271
48
272
273
275
274
276
277
278
315
317
316
318
319
320
341
342
255
127
349
350
411
412
340
435
436
469
470
471
472
501
502
165
503
504
168
521
522
529
382
530
531
532
386
539
540
569
571
570
572
573
574
599
600
607
608
609
610
647
649
648
650
651
652
749
750
751
752
771
772
803
805
804
806
807
808
811
812
831
833
832
834
835
836
857
859
858
860
861
862
947
948
991
993
992
994
995
996
1341
1343
1342
1344
1345
1346
1401
1403
1402
1404
1405
1406
1407
1409
1408
1410
1411
1412
1425
1426
1427
1428
1429
1430
1637
1638
1639
1640
1649
1651
1650
1652
1653
1654
1677
1678
1679
1680
1683
1685
1684
1686
1687
1688
1787
1789
1788
1790
1791
1792
1799
1800
1801
1802
1805
1807
1806
1808
1809
1810
1833
1837
1838
1845
1846
1847
1848
1895
1896
1897
1898
1983
1984
1995
1997
1996
1998
1999
2000
2045
2047
2046
2048
2049
2050
2071
2073
2072
2074
2075
2076
2085
2087
2086
2088
2089
2090
2119
2121
2120
2122
2123
2124
2225
2227
2226
2228
2229
2230
2387
2389
2388
2390
2403
2404
2423
2425
2424
2426
2427
2428
2433
2434
491
2571
2572
2677
2679
2678
2680
2681
2682
2799
2801
2800
2802
2803
2804
2807
2808
2851
2852
2865
2867
2866
2868
2869
2870
2879
2881
2880
2882
2883
2884
2885
2887
2886
2888
2889
2890
2895
2896
2897
2898
2899
2900
2911
2912
1757
1760
2919
2920
2921
2922
2927
2929
2928
2930
2931
2932
2961
2963
2962
2964
2965
2966
2987
2989
2988
2990
2991
2992
3003
3004
3037
3038
3079
3081
3080
3082
3083
3084
3089
3090
3091
3092
3107
3109
3108
3110
3111
3112
3116
3119
3117
3115
3120
3135
3136
3139
3141
3140
3142
3143
3144
3155
3156
3157
3158
3215
3217
3216
3218
3219
3220
2833
3233
3234
2832
3251
3253
3252
3254
3255
3256
3257
3258
3259
3261
3260
3262
3263
3264
3265
3266
3267
3268
3277
3278
3279
3280
3291
3292
3303
3304
3313
3314
3315
3316
3341
3342
3347
3348
3371
3372
3373
3374
3375
3376
3378
3380
3377
3385
3386
3387
3388
2392
3403
3404
3405
3406
3419
3420
3421
3422
3425
3426
3429
3430
3449
3450
3481
3482
3503
3504
3515
3517
3516
3518
3519
3520
3555
3556
3561
3562
3567
3571
3572
3573
3574
3581
3582
1466
1463
3605
3606
3621
3622
3629
3630
3633
3634
3641
3642
3795
3796
3797
3798
3831
3832
3841
3842
3851
3852
3877
3875
3879
3880
3903
3904
3917
3918
3919
3920
3933
3934
3969
3970
3979
3980
3981
3982
3876
3357
4007
4008
3361
4015
4016
4017
4018
4027
4028
4029
4030
4031
2612
4032
4033
4034
2611
4051
4052
4009
4010
4127
4128
4165
4166
4201
4202
4205
4206
4229
4230
4245
4246
4285
4286
1465
1464
3452
3454
3451
4311
4312
3306
4329
4330
3305
4393
4394
4399
4400
4411
4412
4415
4416
4463
4464
4513
4514
2034
2033
4305
4306
4605
4607
4606
4608
4609
4610
4611
4612
4649
4650
4651
4652
4657
4658
4711
4712
4735
4736
4002
4003
4749
4750
2405
4759
4760
3030
3034
3476
3473
4041
4040
2031
2035
4001
4004
4769
4770
4269
4270
4811
4812
3945
3946
3631
3632
4288
2056
2055
4846
4847
4848
4849
4850
4851
4870
4871
4872
4918
4919
4958
4959
4960
4961
4980
4981
4982
4993
4950
4886
4997
5028
4992
5040
5057
5058
5073
4905
5074
4907
5083
5087
5014
5088
5092
5107
5108
5109
5122
5126
5127
5146
5147
5148
5197
5198
5208
5224
5225
5226
5228
5238
5239
5240
5251
5252
5253
5296
5318
5319
5320
5493
5494
5495
5523
5524
5525
5526
5527
5528
5535
5536
5537
5554
5553
5555
5641
5642
5647
5648
5649
5661
5662
5665
5664
5716
5717
5718
5722
5723
5725
5726
5727
5741
5745
5746
5770
5771
5814
5820
5821
5822
5838
5839
5840
5845
5846
5847
5858
5859
5860
5865
5866
5867
5882
5883
5884
5935
5936
5937
6016
6017
6018
6024
6034
6035
6036
6039
6108
6161
6162
6163
6222
6223
6224
6226
6248
6255
6256
6257
6262
6263
6264
6265
6266
6267
6270
6271
6272
6278
5701
6282
6283
6286
6287
6288
6303
6304
6305
6316
6317
6318
6324
6341
6362
6363
6364
6367
6368
6376
6377
6378
6390
6392
6393
6394
6400
6401
6430
6431
6432
6239
6439
6448
6449
6450
6451
6452
6453
6454
6455
6456
6461
6462
6468
6474
6254
6253
6475
6479
6480
6380
6493
6496
6508
6509
6510
6515
6516
6524
6525
6532
6533
6535
6537
6547
6563
6574
6580
6581
6582
6600
6603
6608
6609
6613
6625
6633
6637
6639
6643
5683
5603
6720
6721
6738
6743
6748
6760
5302
6761
6762
6774
6781
6782
6789
6807
6812
6813
6501
6826
6830
6831
6836
6837
6838
6128
6839
6848
6886
6905
6511
6923
6925
6937
6945
5850
6548
6978
6987
6381
7019
7022
7028
7030
7054
7079
5852
6975
7125
7126
7127
7128
7147
7148
7151
7178
7190
7197
6025
7202
6338
6559
6843
6823
7207
5301
7228
6795
7947
7701
9268
7590
7920
7911
8037
7362
7613
7409
8150
7812
7914
7631
8002
8205
8557
8164
8851
7775
8183
7295
8855
7519
8266
7596
8681
7605
8154
7299
8777
7805
8587
8055
7437
7951
8485
7425
8305
7732
7950
8591
8621
7378
8304
7715
8542
8709
9015
9057
9263
8420
8843
7376
8900
7419
8184
7502
9152
8348
8581
7553
7674
8529
8935
7616
8200
8287
7729
8868
8486
9064
7284
9095
8038
8230
8161
7969
8166
7422
9281
7851
7579
8195
8699
7964
8513
8667
8564
8831
8268
9227
8311
8765
8291
9128
7821
7866
7393
8827
8599
9223
7904
8738
8073
8189
7721
8176
8370
7400
9045
9027
7740
9193
8801
7377
8279
7924
8517
8434
9031
8838
7435
8859
8746
7683
9155
7919
8087
7325
9105
7768
7351
7870
7324
8711
7527
8463
7326
8635
7483
9065
7521
8387
7441
7594
8509
8605
7635
7897
7604
8261
8866
8133
9028
8313
8469
8507
7572
8076
8063
7544
8476
8474
8893
7737
9087
7692
8883
7609
8185
8999
7334
9214
9295
8792
8636
9179
7852
7424
8889
7848
7910
8339
8227
8958
8085
7511
7383
9234
7336
7810
8508
9167
8090
8272
7820
8501
7275
8337
7901
8758
7627
9036
7900
8527
7946
7743
8106
7343
7752
7724
7706
9046
8691
7793
7355
7524
7555
8035
8201
8179
7896
8174
8921
7434
8059
8572
8612
8350
7798
8728
7499
7652
8199
7489
8458
8752
7774
7648
8435
8352
7614
9279
8107
8880
8349
8468
8769
7342
8031
8927
8863
8994
7305
9033
7331
8247
7426
8596
8829
8967
7551
9158
9285
7948
7685
7411
7814
8789
9127
7840
9199
8475
8797
9126
9081
8080
9164
8659
8024
7916
8592
7754
7669
7357
8425
8562
8974
7532
8017
8549
8111
7296
8890
7867
8959
8081
8289
8148
7626
7943
7811
7302
9012
8472
8026
8693
9110
7337
7695
8941
8053
9222
8791
8192
8397
8715
9124
9288
8846
8439
7771
7288
9184
9071
8815
9083
7668
8873
8953
7493
7638
9259
9278
