         541
   107370.75103830239        107369.81113052634        107366.47605369535        107369.03318612075     
   125717.55779512675        124843.90306560723        111485.66686452898        127187.43804769684     
   133732.10531975111        129129.29725612872        114284.11866115978        134598.84393091299     
   133414.45867006906        130279.43966360544        115244.57276547437        134014.98565270417     
   132521.56306694163        128975.52355580157        116041.95633352072        132622.06915183106     
   132110.80880924230        129044.33481868790        116825.26902114402        131934.02468041168     
   131544.76509948118        128500.00957825057        117513.15623112742        131129.61997034290     
   131131.77125276823        128322.26135847491        118168.86111605866        130576.46565076619     
   130708.37304700469        128025.45500772657        118770.08418864979        130065.15362717118     
   130350.24959879578        127830.97444289460        119336.43913394347        129669.28248143036     
   130019.98651386626        127632.08591810770        119865.80441621599        129331.54624151079     
   129730.70152724635        127473.53729916045        120364.64522682718        129061.35874001397     
   129471.88029035646        127333.77300113073        120834.70495129764        128839.63814429234     
   129243.72939094457        127219.20429864300        121279.07067407925        128662.39816299488     
   129042.97038092275        127124.67719085730        121699.77360330713        128521.37187555035     
   128868.75204831950        127049.72785637861        122099.08864399193        128412.45570026370     
   128719.30618442857        126991.95987668358        122478.68665494771        128330.40017600429     
   128593.87488584851        126950.27747198426        122840.29247431002        128271.46117264520     
   128491.29992824048        126922.58343579703        123185.18756540806        128232.09769606625     
   128410.54200468713        126907.55222154726        123514.64365171778        128209.48005106472     
   128350.59012249262        126903.58036987175        123829.86192703256        128201.16370309601     
   128310.30160341428        126909.80141024565        124131.81420884439        128205.20941500932     
   128288.41941812716        126925.24314441436        124421.46492642575        128219.99599985857     
   128283.62625860418        126949.20480125560        124699.68676606052        128244.27174505858     
   128294.71930814460        126981.04947318614        124967.30768800592        128277.04893576789     
   128319.76997834454        127019.51945781424        125224.92439630895        128316.69822958126     
   128358.10129942064        127064.79170744905        125473.34238189727        128363.20387954422     
   128409.02598263971        127116.71989874420        125713.34531866749        128416.50730431236     
   128471.53193659212        127175.15142507575        125945.61192440415        128476.29969224676     
   128544.61404409987        127239.79986251742        126170.76918564635        128542.25205451710     
   128627.35272565455        127310.48871630122        126389.41449550854        128614.09527351736     
   128718.90266385762        127386.96768536021        126602.09897193717        128691.55213920269     
   128818.52251931305        127469.01340937904        126809.33590911266        128774.33428701777     
   128925.55217572862        127556.36537690609        127011.59578327114        128862.12973612850     
   129039.43175293962        127648.76573868890        127209.30460947468        128954.59879758868     
   129159.67924596093        127745.89431104182        127402.83793160695        129051.37107465607     
   129285.90160249503        127847.45708024535        127592.53946154332        129152.06103807826     
   129416.91214709972        127952.31953915437        127778.50616917957        129255.32361538625     
   129552.93420143040        128060.77469374122        127961.05976373753        129361.30520942966     
   129694.48047222702        128172.82231631421        128140.22300343703        129470.03361261256     
   129840.80023185824        128288.00713113275        128316.67576640981        129580.89427595101     
   129992.16930982286        128406.05472762026        128490.47944159740        129693.58317150142     
   130148.45568381676        128526.85998370379        128661.65787628993        129807.63297056922     
   130309.69673857668        128650.04703661427        128830.33767076838        129922.68694349898     
   130475.85132370587        128775.49673861086        128996.58298617162        130038.35282540135     
   130646.91131030091        128902.94094277029        129160.48979127180        130154.30363703507     
   130822.82778342067        129032.27055258819        129322.11862412091        130270.27480025953     
   131003.54288861484        129163.30275186562        129481.54144752063        130386.05616180175     
   131188.98258767850        129295.91219234859        129638.82750809417        130501.52245181621     
   131378.13568143357        129429.11899370345        129793.85241291445        130615.66908284168     
   131571.27585384386        129563.51274888434        129946.78011244352        130729.13154027528     
   131768.48882899355        129699.40590908166        130097.83864612038        130842.56977485228     
   131969.22942482578        129837.29913681604        130247.21787718769        130956.45328578576     
   132172.63370075339        129977.87369757376        130395.15997933538        131071.40489546236     
   132377.67560898262        130122.25015816918        130541.97879515513        131188.21429459771     
   132583.23955451869        130271.57987739258        130687.98884147032        131307.63014586849     
   132788.36738701694        130426.83793530437        130833.51486498892        131430.27096485745     
   132992.25601872630        130588.56221284468        130978.82126453177        131556.49873930472     
   133194.41070198189        130756.69103068090        131124.15385659406        131686.51401640585     
   133394.59385198954        130930.42823284969        131269.71206754856        131820.37674410702     
   133592.78129452548        131108.23813482421        131415.67046183275        131958.11650066829     
   133788.15375084881        131287.29042066287        131561.97564057293        132098.77365158749     
   133981.36460068723        131466.29401546146        131708.83497683995        132242.98993335132     
   134173.00224045262        131643.79920248105        131856.43636085873        132391.12417090984     
   134363.24412337859        131818.92833102593        132004.85593965097        132543.06969963395     
   134552.17974764179        131991.34104782619        132154.11387186841        132698.55111414011     
   134739.89748264017        132161.40800309365        132304.20176694909        132857.27615643025     
   134926.41607114370        132329.84801799306        132455.10568982520        133018.93549098595     
   135111.78890223635        132497.60205480378        132606.72178709626        133183.23556147813     
   135295.97243755122        132665.51281210213        132759.01832630156        133349.94046566953     
   135478.91801052261        132834.34973650664        132911.91942276561        133518.85432836533     
   135660.57162996012        133004.61086431876        133065.35772545659        133689.80699673286     
   135840.91181287161        133176.58105491957        133219.26454324007        133862.64642448671     
   136019.04809555080        133349.36679591765        133373.36519368726        134036.20179544331     
   136195.63283778590        133523.49335748178        133527.68553908041        134210.96114593590     
   136371.28794519044        133698.81844168561        133682.28202873631        134387.15394465454     
   136546.27959115332        133875.08127401414        133837.14654076746        134564.57366984864     
   136720.83445287854        134051.87589084869        133992.25463517246        134742.86465419427     
   136895.14877860536        134228.84870953663        134147.66193364793        134921.66620176975     
   137069.44231201638        134405.79560852109        134303.37097034295        135100.49859810894     
   137243.86295437778        134582.53533406270        134459.42468985706        135278.83972099939     
   137418.52878422494        134758.99252156203        134615.86994533447        135456.13438714942     
   137593.54037643649        134935.09650984043        134772.76337200304        135631.85253431470     
   137768.96404676692        135110.82054244482        134930.15771682595        135805.55801799550     
   137944.80910955468        135286.11244472003        135088.09994457648        135976.97958467115     
   138120.03494835715        135459.94859070380        135246.40995551174        136145.03324628618     
   138295.12387796768        135633.00846664616        135405.14368731706        136310.63782925680     
   138470.38428386013        135805.37176886774        135564.39430976304        136474.69179713842     
   138645.67425495727        135977.04979669824        135724.17206108954        136637.83887775632     
   138820.84695605573        136147.93643302313        135884.42050871157        136800.76067255298     
   138995.79100471607        136318.00674713991        136045.09584900859        136964.11992187187     
   139170.41259491674        136487.23588054840        136206.15001282710        137128.47465366562     
   139344.66728505152        136655.62475702408        136367.53870836762        137294.24632841253     
   139518.54965177472        136823.19982837795        136529.21995102466        137461.69704532914     
   139692.09079828544        136989.99501672169        136691.15890016273        137630.94436496956     
   139865.34617592767        137156.05267709141        136853.32605250171        137801.99238789399     
   140038.39147571471        137321.42156028689        137015.69965121982        137974.74784337945     
   140210.30427223278        137485.18786245983        137178.03241638822        138147.97132270705     
   140381.72635527852        137648.15042697205        137340.38894237965        138322.14818533810     
   140553.20912927401        137810.56221486238        137502.85516394777        138497.48870105454     
   140724.88035388532        137972.61085106526        137665.43663253455        138673.79949815961     
   140896.80370243313        138134.30639497578        137828.12449022729        138850.80830016232     
   141069.06762828396        138295.75444228054        137990.91994667743        139028.30657071128     
   141241.72953475337        138457.01941236274        138153.82166826125        139206.09796357751     
   141414.83930631235        138618.18562369639        138316.83165243690        139384.02645137993     
   141588.42543717774        138779.32826993224        138479.95627474491        139561.96076632125     
   141762.49740093708        138940.52070859334        138643.20293622019        139739.79138206114     
   141937.04620201798        139101.83767201132        138806.58320564678        139917.41780985225     
   142112.05126703583        139263.35224311874        138970.11180126414        140094.73685884118     
   142286.45177992896        139424.13845216559        139133.56917383420        140270.51859141566     
   142460.78358453751        139585.02895916207        139297.05501390592        140445.33923849039     
   142635.48854896822        139746.27894898667        139460.68785231691        140619.52526393181     
   142810.57675255422        139908.06822650586        139624.50154041004        140793.01010045651     
   142985.99478977933        140070.37606184243        139788.51186370649        140965.67762996480     
   143161.72383196920        140233.26590857533        139952.73920838683        141137.50750487068     
   143337.72549015161        140396.74503386716        140117.19322325959        141308.51657452993     
   143513.96824970128        140560.82724686043        140281.88028544627        141478.77976016517     
   143690.41784282532        140725.50427006345        140446.79894046296        141648.40876427846     
   143867.04335061778        140890.76000571068        140611.94454148549        141817.53810617031     
   144043.81723555308        141056.56563282787        140777.31009469269        141986.31005155289     
   144220.71484228063        141222.87940979414        140942.88632688238        142154.86200159570     
   144396.65484484518        141388.63193004802        141108.42311107519        142322.17937091770     
   144572.19821701472        141554.54924644908        141273.99402818742        142489.08967873605     
   144748.22583058709        141720.87208902588        141439.45644105805        142656.29010062324     
   144923.81557505304        141887.59235328683        141605.23651845485        142823.60323695472     
   145099.25118493149        142054.31173674425        141771.42371265410        142991.03143153814     
   145275.30183467956        142221.30941198938        141937.56332005915        143158.88290275371     
   145451.66759531462        142388.56589109448        142103.54018177724        143327.08782034821     
   145627.70591982274        142555.88569236698        142269.82407989513        143495.46344383262     
   145804.02470787457        142723.25725717400        142436.24617856886        143664.16999362348     
   145980.09101218564        142890.67776087270        142602.98081435333        143833.08404170250     
   146156.85308670613        143058.02979003839        142769.66905643113        144002.36124754412     
   146334.00111895916        143225.71334476574        142936.13824354962        144171.95420121343     
   146509.80683124959        143392.28028518218        143102.61347233117        144340.50654443580     
   146685.48700690118        143558.69431169872        143269.04562846778        144508.91935600364     
   146861.31571425003        143725.18757504455        143435.48533680037        144677.57745016093     
   147037.37368972783        143891.76149730638        143601.98039805898        144846.49899096074     
   147213.63963506796        144058.46047972515        143768.52789275185        145015.63229999191     
   147390.08722399344        144225.25404465513        143935.15000947207        145184.94203829608     
   147566.69490229714        144392.16744215079        144101.86489098490        145354.39943194410     
   147743.43780050465        144559.18770730926        144268.69013545042        145523.97613678841     
   147919.94543124383        144726.20250739207        144435.82608095228        145693.56598398564     
   148096.98680224729        144893.32214717520        144603.02143121551        145863.35183489430     
   148273.91342057771        145060.68204387283        144770.29839873855        146033.21262909277     
   148450.95595017768        145228.04607278819        144937.77292680112        146203.15302397785     
   148626.88211048764        145394.57721356387        145105.16891440080        146372.00551380878     
   148802.29828861560        145560.89540845953        145272.60919139787        146540.51540291496     
   148977.70314318169        145727.30984901998        145440.19761727736        146709.18833281429     
   149153.12543502552        145893.86953144168        145607.95821947115        146878.06713476140     
   149328.54400284679        146060.53235788699        145775.88954317730        147047.11627449602     
   149503.97169978337        146227.29979526097        145943.99957715475        147216.33867125653     
   149679.41019165417        146394.15843832499        146112.28836714409        147385.71549410536     
   149854.86380867442        146561.08078144843        146280.76692067939        147555.21489093284     
   150030.36268256436        146728.11629507100        146449.41371773341        147724.85249916610     
   150205.91757950076        146895.21479928299        146618.23777020670        147894.57769147199     
   150381.54896815243        147062.39586034766        146787.23461815724        148064.37295295642     
   150557.28054374811        147229.64124723867        146956.40017124460        148234.21064398449     
   150732.00476253973        147395.86817714470        147125.47017529662        148402.85503130860     
   150906.35979125893        147561.90929784646        147294.52474589238        148571.05303609505     
   151080.87967439034        147727.96999490098        147463.66549091946        148739.28347433134     
   151255.62616419990        147894.17983196446        147632.89984715986        148907.57817431595     
   151430.58731286437        148060.46177524485        147802.21914439893        149075.88179769175     
   151605.78893036742        148226.83840045743        147971.62517613714        149244.18986886606     
   151781.23061201343        148393.29205821850        148141.11541706894        149412.48209488209     
   151956.91504285234        148559.82746390867        148310.68997751348        149580.75564236083     
   152132.83930180257        148726.43958554242        148480.35029908767        149749.00159797128     
   152308.99764584648        148893.13129344568        148650.09877999660        149917.21799309985     
   152485.38020115389        149059.90408924007        148819.93926151114        150085.40493062930     
   152661.97453461934        149226.76238463586        148989.87513237409        150253.56758890642     
   152837.61591713113        149392.59948242066        149159.64688378142        150420.47526884524     
   153012.91385784574        149558.27978395997        149329.34444765007        150586.92315477994     
   153188.37413819571        149724.01896218662        149499.07927645819        150753.43180430378     
   153364.02401292301        149889.96450830484        149668.86589285603        150920.06821027238     
   153539.82237833992        150056.04611270869        149838.70168064229        151086.80486044349     
   153715.76424649332        150222.30640916876        150008.59319441053        151253.67486701391     
   153891.82615763796        150388.73712697314        150178.53845819051        151420.68997940520     
   154067.99424586148        150555.35662920255        150348.53780273051        151587.87700089358     
   154244.25138370798        150722.17002141086        150518.59002728839        151755.25967230811     
   154420.58385455440        150889.18767182250        150688.69383488686        151922.86275873196     
   154596.97677050455        151056.41735859384        150858.84911235821        152090.71251056902     
   154773.41578998938        151223.86408722322        151029.05485074213        152258.83327331068     
   154948.71805236881        151390.39551735102        151199.04425428819        152425.98736530033     
   155123.82295957347        151557.01644099684        151368.69663813699        152593.11916905062     
   155298.51160577871        151723.74099877197        151538.52826543606        152760.45349309070     
   155473.39099456719        151890.72782813429        151708.41107116849        152928.27311722556     
   155648.23470081468        152057.97651425438        151878.25518772370        153096.45493242150     
   155823.10821253815        152225.38229679025        152048.12625953884        153265.01674244518     
   155997.99302474799        152393.02102314460        152218.01362645146        153433.93466227013     
   156172.88635439242        152560.82801240470        152387.93071255647        153603.18638274886     
   156347.79236875116        152728.83010701986        152557.88278252413        153772.75122653792     
   156522.70940906709        152896.99095136658        152727.87723744035        153942.60251875260     
   156697.64496363091        153065.31209820524        152897.91820467150        154112.71368692769     
   156872.60339604807        153233.77335768318        153068.01585447311        154283.05351103202     
   157046.40006313054        153401.21072093735        153237.90118295347        154452.31364259744     
   157219.70582872286        153568.48880426257        153407.67060111070        154621.27737113048     
   157393.05044695770        153735.83057296104        153577.44450801032        154790.43857625703     
   157566.50568531474        153903.34418803628        153747.23340985784        154959.81842420876     
   157740.05317926939        154070.94346042082        153917.04389602435        155129.34099573732     
   157913.71986412836        154238.64330842864        154086.87709874334        155298.99039304428     
   158087.51098871219        154406.41349699139        154256.73658551072        155468.72903520477     
   158261.43950005501        154574.24884847566        154426.62329662527        155638.53918713500     
   158435.51741482809        154742.14113400431        154596.53723143484        155808.39963476907     
   158609.75331524885        154910.08482932398        154766.47740324767        155978.29903029752     
   158784.15841782728        155078.07440291607        154936.44240687721        156148.22781157782     
   158958.73783455725        155246.11360052202        155106.42998098125        156318.18279347519     
   159132.29181221256        155413.02357271992        155276.16048079092        156486.86667544401     
   159305.48959781969        155579.70750038518        155445.73086826337        156655.10480617185     
   159478.87207055511        155746.39957141920        155615.24832977072        156823.43170421867     
   159652.49488502642        155913.23333517110        155784.72655332371        156991.90543385714     
   159826.33384708225        156080.13599500919        155954.16877202908        157160.47826181029     
   160000.39770691207        156247.14075555102        156123.57050809942        157329.17329760082     
   160174.68452944088        156414.23158892221        156292.93622501721        157497.97570750152     
   160349.18892129444        156581.42765486724        156462.26289613853        157666.89577080100     
   160523.90636781562        156748.72805439503        156631.55356398568        157835.93670198575     
   160698.55854746664        156916.05139951143        156800.99575772078        158004.99691497194     
   160873.79893632181        157083.49989488351        156970.31709347936        158174.32103690004     
   161049.06950399454        157251.13487094780        157139.49562218061        158343.71421556061     
   161223.34915500940        157417.64815729624        157308.39277266958        158511.93005242405     
   161397.45797834915        157584.19291638120        157476.87180256462        158679.87957965926     
   161571.31227159940        157750.71689994994        157645.42515881528        158847.83053123014     
   161745.43389545809        157917.42970155829        157814.03112115877        159016.03433189474     
   161919.59165446227        158084.26702804759        157982.61327754636        159184.33052071338     
   162093.56384690996        158251.06901151969        158151.40832507913        159352.62938487993     
   162267.91815324509        158417.97510987040        158320.04786671879        159521.11121980220     
   162442.12587215772        158584.98640556782        158488.70409135567        159689.58062983313     
   162616.36604269771        158751.99978635431        158657.48759261426        159858.08421918761     
   162790.53459295837        158919.13190781471        158826.34415971438        160026.59158824294     
   162964.63369493498        159086.25984911787        158995.31014398075        160195.09015206402     
   163138.64461260254        159253.44544455208        159164.38659309637        160363.57692498874     
   163311.31406901608        159419.43656649880        159333.29707811950        160530.72126268124     
   163483.30548012827        159585.18098615672        159502.12990407992        160697.35713910984     
   163655.18358094088        159750.88981315587        159671.00448625043        160864.04170609213     
   163826.99088638744        159916.71609529961        159839.92625796766        161030.83039760485     
   163998.70711944389        160082.56799202881        160008.88532443563        161197.68067963209     
   164170.35230922635        160248.48291914127        160177.87681759498        161364.60540133974     
   164341.93076814522        160414.44210187261        160346.89073822944        161531.59648119353     
   164513.45697215217        160580.45724766413        160515.91678661027        161698.67635732720     
   164684.94533941153        160746.53112787774        160684.94339025253        161865.83924656894     
   164856.41384088885        160912.66958703002        160853.96394727344        162033.09706005608     
   165027.87785667126        161078.87980268954        161022.96756402246        162200.45771187395     
   165199.35707439235        161245.16353155716        161191.94622005400        162367.92263232893     
   165369.61330910050        161410.31127011802        161360.60959001153        162534.15651618232     
   165539.33680096886        161575.26106345124        161529.04619716486        162700.00599938893     
   165709.11745103067        161740.23989282231        161697.37657639649        162866.02266114778     
   165879.00742839568        161905.39212154312        161865.61551379130        163032.25305078318     
   166048.99065532020        162070.62103119114        162033.76487818599        163198.62742864274     
   166219.08522752181        162235.95061425571        162201.83961900117        163365.14328488545     
   166389.28670703905        162401.35397759621        162369.84562427504        163531.76978980418     
   166559.59825325740        162566.82887506101        162537.79265393279        163698.48891803241     
   166730.01835053961        162732.35916577707        162705.69071746484        163865.28207873038     
   166900.54367810459        162897.93964331408        162873.54729422581        164032.12868843024     
   167071.17207264507        163063.56040220393        163041.37181827202        164199.01640718651     
   167241.90028613314        163229.21562319662        163209.16789048808        164365.93258198522     
   167411.46307723175        163393.67345692604        163376.65258736850        164531.51143890401     
   167580.53647241383        163557.87831563014        163543.91903175728        164696.61273052605     
   167749.70332098010        163722.05734728670        163711.09189250035        164861.78834218468     
   167919.00661991042        163886.36085568438        163878.18646812980        165027.08968532184     
   168088.41882532445        164050.69613431106        164045.19901675559        165192.46500639091     
   168257.95147170193        164215.09999686579        164212.13542750195        165357.92286742001     
   168427.59659678035        164379.54774433142        164378.99337815243        165523.44937646770     
   168597.35442973798        164544.05234211384        164545.77578558202        165689.04693434905     
   168767.22133000119        164708.61222190491        164712.48340003786        165854.71274270900     
   168937.19446860778        164873.23184112820        164879.11627775669        166020.45008511574     
   169107.26901436239        165037.91329455437        165045.67419911042        166186.25838150288     
   169277.62178612931        165202.70754713347        165212.01716515992        166352.21296220139     
   169446.52504497443        165366.32413446004        165378.08895972298        166516.77013750246     
   169615.04025212050        165529.69447319806        165543.94799721867        166680.95575080835     
   169783.59149871371        165693.13134647877        165709.63985160258        166845.27275372358     
   169952.27352771733        165856.68203589614        165875.23137361274        167009.78585113518     
   170121.04064139895        166020.34113243577        166040.70046879363        167174.44248658192     
   170289.89884625608        166184.09161385067        166206.05649319873        167339.24198657920     
   170458.83465256149        166347.94086449518        166371.30034522541        167504.16805405085     
   170627.84059526437        166511.87543639753        166536.43831137955        167669.21146460448     
   170796.90690319278        166675.89778868237        166701.47504226444        167834.36176162955     
   170966.02443169628        166840.00088174196        166866.41709007946        167999.60973158118     
   171135.18378269632        167004.18199419355        167031.27080744843        168164.94619846201     
   171304.37555459820        167168.43505310427        167196.04312690999        168330.36125732851     
   171472.29906930673        167331.49699379038        167360.44957101654        168494.46151709024     
   171639.65270759471        167494.33707748374        167524.59276975429        168658.12032194081     
   171806.99438107654        167657.18012032329        167688.60644041421        168821.89085764810     
   171974.37354683780        167820.16527465091        167852.51315943454        168985.81256543519     
   172141.74999955294        167983.19564252716        168016.31995743708        169149.81963002105     
   172309.12787747176        168146.28954976113        168180.03932920919        169313.90464660982     
   172476.49094542078        168309.41688417562        168343.68550435788        169478.03804205247     
   172643.83312572743        168472.56919969840        168507.26525507690        169642.20543199917     
   172811.14464857202        168635.73547868142        168670.78693095662        169806.38769564306     
   172978.41952091831        168798.90724945377        168834.25723621968        169970.57112531192     
   173145.65205818063        168962.07552691706        168997.68160619016        170134.74393781644     
   173312.83882858409        169125.23284531021        169161.06427613911        170298.89557865006     
   173478.67673355111        169287.10561496348        169324.11354058885        170461.62509549898     
   173643.88030078550        169448.67353700229        169486.93096562210        170623.82140808037     
   173808.89166641075        169610.16913259530        169649.68613891400        170786.00268644854     
   173974.07737196409        169771.68743736451        169812.27318177768        170948.31472623977     
   174139.15866232209        169933.21302601125        169974.75863574262        171110.60885268857     
   174304.25849237677        170094.70928981542        170137.21438875914        171272.92759753045     
   174469.32641607497        170256.22544623082        170299.58328320549        171435.24436058145     
   174634.37976382187        170417.70203970108        170461.87803238494        171597.54956466236     
   174799.41674508635        170579.16375448758        170624.09389830695        171759.83603269831     
   174964.43804673481        170740.58832870319        170786.23441731118        171922.09689316191     
   175129.44530250144        170901.98207487748        170948.29989633590        172084.32757178260     
   175294.55831157451        171063.34075309106        171110.23295829620        172246.54924320040     
   175458.17381829131        171223.42455470728        171271.81756507649        172407.27720968390     
   175621.24787565280        171383.15430872893        171433.20878338767        172567.48402800929     
   175784.26054131691        171542.81074488114        171594.44329608136        172727.69351154260     
   175947.30041652374        171702.48426700002        171755.56757179587        172887.96300489540     
   176110.32245182063        171862.12772051652        171916.57599720082        173048.22918442756     
   176273.33468942353        172021.73377651357        172077.48512505143        173208.48990149083     
   176436.32415836814        172181.30068768849        172238.29951602034        173368.72187978571     
   176599.28537042585        172340.81793628080        172399.02923599203        173528.91419790220     
   176762.21009098183        172500.28197756372        172559.67680219075        173689.05725653862     
   176925.09108890331        172659.68829846644        172720.24743075261        173849.14243274386     
   177087.92183698891        172819.03467298168        172880.74313200067        174009.16326837701     
   177250.69748941908        172978.31518869207        173041.16803840525        174169.11456509004     
   177412.18067853033        173136.37366434201        173201.57216628513        174327.88715456371     
   177572.75940521478        173293.94201106348        173361.19172661236        174485.64523124704     
   177733.42431574137        173451.42015949378        173520.87060780043        174643.58866628812     
   177894.07435855310        173608.99375480218        173680.37655913580        174801.52532615425     
   178054.64684042963        173766.45597362687        173839.78443340125        174959.47476247014     
   178215.09452085089        173923.78019771152        173998.80829080383        175117.13861359470     
   178375.77153310413        174081.24740747435        174158.01741008411        175275.16777779505     
   178536.18412668863        174238.62859841951        174317.01635390357        175433.06742982907     
   178696.58415286604        174395.93266795701        174475.94869386760        175590.99268094962     
   178856.93174775055        174553.27342284517        174634.75697987416        175748.89990287676     
   179017.22735956457        174710.55650207686        174793.45139572254        175906.79472743737     
   179177.48145174427        174867.83833667552        174952.02683403291        176064.67753548318     
   179336.37145215494        175023.80435779822        175110.18741961036        176221.13253648134     
   179494.61509975843        175179.46876481603        175268.03372507516        176377.06202797926     
   179652.79596564971        175335.05452881081        175425.69408292155        176533.03512348337     
   179810.97498979626        175490.72136813481        175583.18765085001        176689.10846300083     
   179969.11659794868        175646.37134749463        175740.51179852913        176845.21803113495     
   180127.23634776514        175802.03285168708        175897.67933243039        177001.36831877235     
   180285.32178528217        175957.67789523033        176054.69242445388        177157.53193669274     
   180443.37264205448        176113.30850892529        176211.55770669019        177313.69984934820     
   180601.38323986705        176268.91489047118        176368.27953638200        177469.85887188042     
   180759.35129904409        176424.49409395340        176524.86292320487        177626.00024003879     
   180917.27222341069        176580.04010497211        176681.31160018523        177782.11363446870     
   181075.14394321918        176735.54888126379        176837.63086688591        177938.19226698167     
   181231.64652859178        176889.73945745913        176993.52317194917        178092.82036989424     
   181387.48783491424        177043.58286974681        177149.08528860292        178246.87842793018     
   181543.25646794203        177197.32691609015        177304.46024848154        178400.95066349464     
   181699.00719052053        177351.12327510980        177459.65457853238        178555.08051843452     
   181854.70986387087        177504.86769764268        177614.67658619647        178709.20778882111     
   182010.37409530647        177658.59250488679        177769.53264895640        178863.33459351092     
   182165.99059386936        177812.26652187135        177924.22768508032        179017.43479263192     
   182321.55704126673        177965.89261370941        178078.76664013229        179171.50100708901     
   182477.07193240253        178119.46257088025        178233.15398542755        179325.51930935914     
   182632.52728802140        178272.96859841055        178387.39409732691        179479.48431869553     
   182787.92228923138        178426.41393043750        178541.49136365746        179633.38501384441     
   182943.25276103028        178579.78156270424        178695.44564731562        179787.22049251833     
   183097.21657056111        178731.81008543712        178848.95995519674        179939.58346263872     
   183250.47713502526        178883.46270216882        179002.14057632239        180091.32016832125     
   183403.67235942371        179034.98315598155        179155.11632882754        180243.05836876488     
   183556.83071759829        179186.53380961579        179307.89815619658        180394.82196736161     
   183709.93234469381        179338.00810279025        179460.49264128029        180546.56305978890     
   183862.98086880014        179489.44126638075        179612.90595506970        180698.27881181028     
   184015.96850876062        179640.80188499053        179765.14307928822        180849.94868707092     
   184168.89279105619        179792.09666412510        179917.20909710624        181001.56546141914     
   184321.74789852908        179943.31511120292        180069.10865039274        181153.11743238283     
   184474.53105140175        180094.45787501370        180220.84570436637        181304.60068873360     
   184627.23779294529        180245.51922075433        180372.42504498514        181456.00673756897     
   184779.86118511896        180396.49986494065        180523.84858739466        181607.32710394793     
   184930.99447306647        180546.09799201050        180674.84795996721        181757.18583668891     
   185081.43117619280        180695.25565678853        180825.44929489554        181906.32660570418     
   185231.86294160690        180844.35638429361        180975.90530419286        182055.53031648841     
   185382.22879380864        180993.44847386287        181126.10199794723        182204.72869899715     
   185532.50375171573        181142.46859310675        181276.11224255798        182353.87499517773     
   185682.69935621621        181291.41424841495        181425.92938450360        182502.97837734545     
   185832.80203765031        181440.27944550733        181575.57516728586        182652.02297008791     
   185982.80786244044        181589.05385861083        181725.04559739027        182800.99488482749     
   186132.70999164507        181737.73545323053        181874.35205347463        182949.88379368102     
   186282.50310165685        181886.31867432027        182023.49695924137        183098.68057391897     
   186432.18170583301        182034.80073540207        182172.48595202932        183247.37717141432     
   186581.82109606397        182183.17888973505        182321.27441816192        183395.87560205231     
   186729.93929611894        182330.14719844991        182469.74301683510        183542.93211358695     
   186877.30218784328        182476.76918304237        182617.80282566385        183689.39110877246     
   187024.53175876758        182623.15713512225        182765.63785545991        183835.78134626971     
   187171.67158318267        182769.55826785174        182913.27377074372        183982.15845393456     
   187318.68052781935        182915.83858745146        183060.71117896828        184128.46758508685     
   187465.57630587139        183062.04135612119        183207.96244327133        184274.70870784562     
   187612.34319036145        183208.12689623106        183355.02917032252        184420.85833593507     
   187758.99181175549        183354.09340117243        183501.91563720937        184566.90993969000     
   187905.50506254515        183499.92828076176        183648.63445922529        184712.83665445281     
   188051.76815170754        183645.69935554705        183795.26353264815        184858.71234646271     
   188198.05759600617        183791.30875875734        183941.41795751289        185004.36733643190     
   188344.10076039180        183936.81033169245        184087.84152982844        185149.97611898548     
   188488.68642554147        184080.77774429438        184233.45800955815        185293.92628526513     
   188632.58178456148        184224.45232006785        184378.81068558854        185437.29764194309     
   188776.31099986861        184367.88991393882        184523.98014265194        185580.57731622577     
   188919.93628321798        184511.31738005954        184668.92999721016        185723.85048387895     
   189063.43229195246        184654.61268758858        184813.67433944155        185867.03643173602     
   189206.80332453427        184797.81598603178        184958.20694593783        186010.14961871272     
   189350.04823696695        184940.88986841377        185102.53988341999        186153.16699182565     
   189493.16358532943        185083.84752508791        185246.67162613713        186296.07658057546     
   189636.14926971952        185226.67427094741        185390.61032111844        186438.87539794607     
   189779.00096951833        185369.37509860107        185534.35546458617        186581.55073168621     
   189921.71880200191        185511.94397652571        185677.91332280426        186724.10279486945     
   190064.30022647232        185654.37946375777        185821.28421032545        186866.52286160126     
   190205.37074271715        185795.33102633595        185964.14793965014        187007.32845394665     
   190345.76886343560        185935.93392645201        186106.65605788829        187147.56253969029     
   190485.99460402806        186076.33747920385        186248.89828942419        187287.71298233428     
   190626.12088917207        186216.68983767665        186390.91157991599        187427.82980694086     
   190766.11772618120        186356.93021136921        186532.68846499088        187567.86606140010     
   190905.99220631353        186497.05895172805        186674.23774822996        187707.81823032873     
   191045.73760738457        186637.06128482657        186815.56525413948        187847.66650048413     
   191185.35178896069        186776.93598136550        186956.67451955518        187987.40353177968     
   191324.83076224505        186916.67796592909        187097.56997181659        188127.01925900881     
   191464.17133479545        187056.28390359442        187238.25528146481        188266.50689620205     
   191603.37027397667        187195.75109442524        187378.73393767749        188405.86003500514     
   191742.42448320886        187335.07685681927        187519.00909217770        188545.07380416399     
   191879.95802344650        187472.91415023388        187658.76120486480        188682.67494609114     
   192016.81644236692        187610.39747635581        187798.14097185124        188819.68553490777     
   192153.47729391075        187747.65461653584        187937.24822148570        188956.59090407062     
   192290.03660658756        187884.87079985914        188076.10569924585        189093.47006541368     
   192426.44748136902        188021.95779163664        188214.71502909283        189230.25398608504     
   192562.72180401604        188158.92749104084        188353.08354352572        189366.94333583687     
   192698.84908978702        188295.75763021916        188491.21677142166        189503.51813417600     
   192834.82856010864        188432.45052308572        188629.11955179489        189639.97014950766     
   192970.65487389918        188568.99865755017        188766.79630628903        189776.28891224627     
   193106.32529380018        188705.39999814084        188904.25106769314        189912.46732946590     
   193241.83628847729        188841.65054849911        189041.48726472183        190048.49906111523     
   193377.18498280074        188977.74779742444        189178.50827495000        190184.37894846438     
   193511.00195541017        189112.35074491071        189314.99675723875        190318.64201095526     
   193644.12752131035        189246.58638226619        189451.10036627320        190452.30069334901     
   193777.04067961418        189380.58635200877        189586.92104511408        190585.84127471567     
   193909.83469938661        189514.52990943319        189722.47995876599        190719.34266395791     
   194042.46940266140        189648.34017139795        189857.78546771390        190852.74236271292     
   194174.94490646818        189782.00776081922        189992.82892138659        190986.02506810194     
   194307.26149201847        189915.52696594337        190127.62862714430        191119.18159550076     
   194439.41512014015        190048.89336424740        190262.18484955977        191252.20055614520     
   194571.40199770583        190182.10229780938        190396.50308761938        191385.07264571264     
   194703.21950048828        190315.15025171620        190530.58659709967        191517.79031168716     
   194834.86463515766        190448.03387230143        190664.43898953689        191650.34710477732     
   194966.33502120219        190580.75041277791        190798.06328691181        191782.73771704431     
   195096.26961266110        190711.96760180232        190931.14448940349        191913.50538092240     
   195225.50174261580        190842.80198185344        191063.82727593099        192043.65407508443     
   195354.51048568173        190973.38686311763        191196.21483775144        192173.67125990798     
   195483.38920148875        191103.90181323310        191328.32770003148        192303.63283362775     
   195612.09302397934        191234.26124072721        191460.16732832146        192433.47224831639     
   195740.63359655073        191364.47491522980        191591.74081137005        192563.18835484298     
   195869.00377529199        191494.52280529009        191723.05404073693        192692.76426364284     
   195997.19897324895        191624.40498088612        191854.11023847802        192822.18830303787     
   196125.21717126592        191754.11637812280        191984.91488292883        192951.45195650822     
   196253.05636745779        191883.65290356500        192115.47082669783        193080.54730193384     
   196380.71324718671        192013.01222752285        192245.78181128443        193209.46805562769     
   196508.18555374094        192142.19115174102        192375.85065133683        193338.20954199560     
   196634.15655613886        192269.90986064984        192505.33904413527        193465.40001886236     
   196759.37816458420        192397.17730631799        192634.45268080843        193591.86847902284     
   196884.37730946456        192524.20000141990        192763.24476068048        193718.20777759131     
   197009.22608220304        192651.13293485093        192891.75340060168        193844.46896201762     
   197133.89452749069        192777.90023186425        193019.97227581099        193970.60273518937     
   197258.38653604328        192904.50744153964        193147.91241905349        194096.59840795421     
   197382.69726378433        193030.93802503723        193275.57716412231        194222.44194911211     
   197506.82384513639        193157.19143165776        193402.97229526026        194348.12245883842     
   197630.76257869162        193283.26164996810        193530.10148366290        194473.63091220483     
   197754.51037177985        193409.14599953691        193656.96883661367        194598.95977252041     
   197878.06427037137        193534.84136820573        193783.57762482480        194724.10318125700     
   198001.42159983455        193660.34498112026        193909.93113713036        194849.05565485283     
   198123.23707116197        193784.34724518267        194035.71916567028        194972.37829214861     
   198244.34189374757        193907.94180361761        194161.07833648822        195095.07380786739     
   198365.19647112346        194031.27025032500        194286.11941465171        195217.59915288669     
   198485.89740319489        194154.49564059085        194410.86386260935        195340.05026157314     
   198606.39988593257        194277.53595079246        194535.30659700424        195462.35051548167     
   198726.71322166760        194400.41739291023        194659.45772569097        195584.51066004712     
   198846.83221540495        194523.10128656079        194783.32237141265        195706.49826105186     
   198966.75250196102        194645.60559370022        194906.90455715757        195828.31522818617     
   199086.47126690985        194767.90799367151        195030.20969055823        195949.94531025551     
   199205.98533236395        194890.01588679556        195153.24121832915        196071.38381569742     
   199325.29177448625        195011.92047775362        195276.00264178880        196192.62336348428     
   199444.38760772441        195133.62233262509        195398.49711667327        196313.65969686696     
   199561.93652656610        195253.80685799790        195520.42556677532        196433.06558722217     
   199678.77046908569        195373.60426464898        195641.89818091309        196551.83264641746     
   199795.33658247726        195493.08994604766        195763.06177109116        196670.42344363863     
   199911.73545749279        195612.46890117324        195883.89855684200        196788.91812721998     
   200027.92223660828        195731.66454462826        196004.43418207017        196907.25719525060     
   200143.90782040448        195850.66695536341        196124.66151202406        197025.43167503417     
   200259.68372693384        195969.47783896982        196244.59379785781        197143.42804140394     
   200375.24872346499        196088.08036954695        196364.23113314368        197261.23534991927     
   200490.59877352169        196206.47912241166        196483.58070960574        197378.84502189394     
   200605.73085526982        196324.66469566419        196602.64440568016        197496.24944999724     
   200720.64242796347        196442.63811673902        196721.42688463331        197613.44291609107     
   200835.33049489159        196560.39396999456        196839.93044099852        197730.42037325414     
   200948.47389375561        196676.64699113581        196957.84512214179        197845.76729342126     
   201060.88608246227        196792.47062091660        197075.33282496655        197960.46508570644     
   201173.02744645439        196907.99191740699        197192.45822486054        198074.97670303789     
   201284.98656744364        197023.39866240855        197309.27172216793        198189.37949444869     
   201396.72180639394        197138.59319148323        197425.75801391643        198303.60555009503     
   201508.24463238547        197253.59534894882        197541.93318369391        198417.66013367134     
   201619.54497339774        197368.37748672144        197657.79686351851        198531.51962532144     
   201730.62374744113        197482.94867228539        197773.35684978089        198645.17889453648     
   201841.47546295260        197597.29728839357        197888.61540981301        198758.62639965746     
   201952.09857773237        197711.42404367519        198003.57752185030        198871.85647318611     
   202062.48956422147        197825.32354011488        198118.24572096937        198984.86229461615     
   202172.64624672025        197938.99463890932        198232.62362386537        199097.63967011080     
   202281.26056121630        198051.16190537164        198346.40160637203        199208.79022094753     
   202389.13652826633        198162.88916014842        198459.74810746030        199319.28261084858     
   202496.73260529878        198274.30765112344        198572.71487526613        199429.57407884797     
   202604.13541871955        198385.59266227263        198685.36186845088        199539.74392048296     
   202711.30132095228        198496.65239106803        198797.66865863508        199649.72451265785     
   202818.24487502605        198607.50903705598        198909.65352316335        199759.51999197318     
   202924.95470044771        198718.13450097412        199021.31521634129        199869.10784598172     
   203031.43197371325        198828.53559679500        199132.66202360753        199978.48309198956     
   203137.67087741187        198938.70246021732        199243.69576976553        200087.63416028477     
   203243.66986581724        199048.63473591843        199354.42161986511        200196.55605269177     
   203349.42545665137        199158.32832040198        199464.84203023839        200305.24121453008     
   203454.93556758823        199267.78128546072        199574.96065118889        200413.68595191053     
   203558.90854513919        199375.73948851111        199684.47037309548        200520.50582000753     
   203662.13142556106        199483.22815934004        199793.53367184298        200626.66835618584     
   203765.06653792562        199590.41350137576        199902.21845690112        200732.61006009136     
   203867.79763760968        199697.44905043408        200010.56368774199        200838.41744385337     
   203970.28165598959        199804.24743687260        200118.56369402257        200944.02051265421     
   204072.53031703751        199910.83102445290        200226.22675111427        201049.42985707248     
   204174.53195480476        200017.16936582842        200333.55579197474        201154.61532769949     
   204276.29078401387        200123.27593902324        200440.56138068810        201259.58107414836     
   204377.79796204501        200229.13302431448        200547.24239187484        201364.31065109369     
   204479.05297033035        200334.74684004844        200653.60408580219        201468.80167609162     
   204580.05322576864        200440.10850933779        200759.64993626258        201573.04300417710     
   204680.79592803924        200545.21908641150        200865.38256466627        201677.03316082590     
   204780.00857822146        200648.84794541317        200970.51396850555        201779.40604046374     
   204878.46310461563        200751.98502266168        201075.15580637279        201881.10741171127     
   204976.61789562815        200854.81230157445        201179.43643536465        201982.58445116444     
   205074.55484954835        200957.47562638190        201283.35886680734        202083.91399735256     
   205172.23503525570        201059.89268163103        201386.92636653330        202185.02841749109     
   205269.66613909975        201162.08135781993        201490.14728785490        202285.93399308503     
   205366.84203047483        201264.01556230200        201593.02529971584        202386.60782992779     
   205463.76074529046        201365.70145899500        201695.56583284566        202487.04526816096     
   205560.41851442214        201467.13017619925        201797.77253127247        202587.23525693035     
   205656.81268881939        201568.30067023207        201899.64917265353        202687.17247158621     
   205752.94060237863        201669.20980755205        202001.19911350650        202786.85022363192     
   205848.79979509744        201769.85504999626        202102.42530519975        202886.26443379876     
   205943.13279426264        201869.01771069702        202203.03859367652        202984.06907597400     
   206036.70757136311        201967.69855560054        202303.16583884164        203081.19448042527     
   206129.97095732816        202066.04392618698        202402.91267269201        203178.08423489795     
   206223.00475985723        202164.21322398580        202502.29339349660        203274.81263367250     
   206315.76920717192        202262.12687453773        202601.30911925429        203371.31617859227     
   206408.27492728049        202359.79709567656        202699.96778238763        203467.59716020097     
   206500.51384203634        202457.20383647925        202798.27356659429        203563.63548385751     
   206592.48514455286        202554.34859302154        202896.23132532559        203659.42521355519     
   206684.18471671597        202651.22582164299        202993.84500321062        203754.95589069807     
   206775.61026467074        202747.83304642441        203091.11817157461        203850.22195754005     
   206866.75887269259        202844.16715684690        203188.05412218679        203945.21737778556     
   206957.62829197090        202940.22589498130        203284.65580629147        204039.93782277365     
