         151
   107370.75103830239        107369.81113052634        107366.47605369535        107369.03318612075     
   125717.55779512675        124843.90306560723        111485.66686452898        127187.43804769684     
   133732.10531975111        129129.29725612872        114284.11866115978        134598.84393091299     
   133414.45867006906        130279.43966360544        115244.57276547437        134014.98565270417     
   132521.56306694163        128975.52355580157        116041.95633352072        132622.06915183106     
   132110.80880924230        129044.33481868790        116825.26902114402        131934.02468041168     
   131544.76509948118        128500.00957825057        117513.15623112742        131129.61997034290     
   131131.77125276823        128322.26135847491        118168.86111605866        130576.46565076619     
   130708.37304700469        128025.45500772657        118770.08418864979        130065.15362717118     
   130350.24959879578        127830.97444289460        119336.43913394347        129669.28248143036     
   130019.98651386626        127632.08591810770        119865.80441621599        129331.54624151079     
   129730.70152724635        127473.53729916045        120364.64522682718        129061.35874001397     
   129471.88029035646        127333.77300113073        120834.70495129764        128839.63814429234     
   129243.72939094457        127219.20429864300        121279.07067407925        128662.39816299488     
   129042.97038092275        127124.67719085730        121699.77360330713        128521.37187555035     
   128868.75204831950        127049.72785637861        122099.08864399193        128412.45570026370     
   128719.30618442857        126991.95987668358        122478.68665494771        128330.40017600429     
   128593.87488584851        126950.27747198426        122840.29247431002        128271.46117264520     
   128491.29992824048        126922.58343579703        123185.18756540806        128232.09769606625     
   128410.54200468713        126907.55222154726        123514.64365171778        128209.48005106472     
   128350.59012249262        126903.58036987175        123829.86192703256        128201.16370309601     
   128310.30160341428        126909.80141024565        124131.81420884439        128205.20941500932     
   128288.41941812716        126925.24314441436        124421.46492642575        128219.99599985857     
   128283.62625860418        126949.20480125560        124699.68676606052        128244.27174505858     
   128294.71930814460        126981.04947318614        124967.30768800592        128277.04893576789     
   128319.76997834454        127019.51945781424        125224.92439630895        128316.69822958126     
   128358.10129942064        127064.79170744905        125473.34238189727        128363.20387954422     
   128409.02598263971        127116.71989874420        125713.34531866749        128416.50730431236     
   128471.53193659212        127175.15142507575        125945.61192440415        128476.29969224676     
   128544.61404409987        127239.79986251742        126170.76918564635        128542.25205451710     
   128627.35272565455        127310.48871630122        126389.41449550854        128614.09527351736     
   128718.90266385762        127386.96768536021        126602.09897193717        128691.55213920269     
   128818.52251931305        127469.01340937904        126809.33590911266        128774.33428701777     
   128925.55217572862        127556.36537690609        127011.59578327114        128862.12973612850     
   129039.43175293962        127648.76573868890        127209.30460947468        128954.59879758868     
   129159.67924596093        127745.89431104182        127402.83793160695        129051.37107465607     
   129285.90160249503        127847.45708024535        127592.53946154332        129152.06103807826     
   129416.91214709972        127952.31953915437        127778.50616917957        129255.32361538625     
   129552.93420143040        128060.77469374122        127961.05976373753        129361.30520942966     
   129694.48047222702        128172.82231631421        128140.22300343703        129470.03361261256     
   129840.80023185824        128288.00713113275        128316.67576640981        129580.89427595101     
   129992.16930982286        128406.05472762026        128490.47944159740        129693.58317150142     
   130148.45568381676        128526.85998370379        128661.65787628993        129807.63297056922     
   130309.69673857668        128650.04703661427        128830.33767076838        129922.68694349898     
   130475.85132370587        128775.49673861086        128996.58298617162        130038.35282540135     
   130646.91131030091        128902.94094277029        129160.48979127180        130154.30363703507     
   130822.82778342067        129032.27055258819        129322.11862412091        130270.27480025953     
   131003.54288861484        129163.30275186562        129481.54144752063        130386.05616180175     
   131188.98258767850        129295.91219234859        129638.82750809417        130501.52245181621     
   131378.13568143357        129429.11899370345        129793.85241291445        130615.66908284168     
   131571.27585384386        129563.51274888434        129946.78011244352        130729.13154027528     
   131768.48882899355        129699.40590908166        130097.83864612038        130842.56977485228     
   131969.22942482578        129837.29913681604        130247.21787718769        130956.45328578576     
   132172.63370075339        129977.87369757376        130395.15997933538        131071.40489546236     
   132377.67560898262        130122.25015816918        130541.97879515513        131188.21429459771     
   132583.23955451869        130271.57987739258        130687.98884147032        131307.63014586849     
   132788.36738701694        130426.83793530437        130833.51486498892        131430.27096485745     
   132992.25601872630        130588.56221284468        130978.82126453177        131556.49873930472     
   133194.41070198189        130756.69103068090        131124.15385659406        131686.51401640585     
   133394.59385198954        130930.42823284969        131269.71206754856        131820.37674410702     
   133592.78129452548        131108.23813482421        131415.67046183275        131958.11650066829     
   133788.15375084881        131287.29042066287        131561.97564057293        132098.77365158749     
   133981.36460068723        131466.29401546146        131708.83497683995        132242.98993335132     
   134173.00224045262        131643.79920248105        131856.43636085873        132391.12417090984     
   134363.24412337859        131818.92833102593        132004.85593965097        132543.06969963395     
   134552.17974764179        131991.34104782619        132154.11387186841        132698.55111414011     
   134739.89748264017        132161.40800309365        132304.20176694909        132857.27615643025     
   134926.41607114370        132329.84801799306        132455.10568982520        133018.93549098595     
   135111.78890223635        132497.60205480378        132606.72178709626        133183.23556147813     
   135295.97243755122        132665.51281210213        132759.01832630156        133349.94046566953     
   135478.91801052261        132834.34973650664        132911.91942276561        133518.85432836533     
   135660.57162996012        133004.61086431876        133065.35772545659        133689.80699673286     
   135840.91181287161        133176.58105491957        133219.26454324007        133862.64642448671     
   136019.04809555080        133349.36679591765        133373.36519368726        134036.20179544331     
   136195.63283778590        133523.49335748178        133527.68553908041        134210.96114593590     
   136371.28794519044        133698.81844168561        133682.28202873631        134387.15394465454     
   136546.27959115332        133875.08127401414        133837.14654076746        134564.57366984864     
   136720.83445287854        134051.87589084869        133992.25463517246        134742.86465419427     
   136895.14877860536        134228.84870953663        134147.66193364793        134921.66620176975     
   137069.44231201638        134405.79560852109        134303.37097034295        135100.49859810894     
   137243.86295437778        134582.53533406270        134459.42468985706        135278.83972099939     
   137418.52878422494        134758.99252156203        134615.86994533447        135456.13438714942     
   137593.54037643649        134935.09650984043        134772.76337200304        135631.85253431470     
   137768.96404676692        135110.82054244482        134930.15771682595        135805.55801799550     
   137944.80910955468        135286.11244472003        135088.09994457648        135976.97958467115     
   138120.03494835715        135459.94859070380        135246.40995551174        136145.03324628618     
   138295.12387796768        135633.00846664616        135405.14368731706        136310.63782925680     
   138470.38428386013        135805.37176886774        135564.39430976304        136474.69179713842     
   138645.67425495727        135977.04979669824        135724.17206108954        136637.83887775632     
   138820.84695605573        136147.93643302313        135884.42050871157        136800.76067255298     
   138995.79100471607        136318.00674713991        136045.09584900859        136964.11992187187     
   139170.41259491674        136487.23588054840        136206.15001282710        137128.47465366562     
   139344.66728505152        136655.62475702408        136367.53870836762        137294.24632841253     
   139518.54965177472        136823.19982837795        136529.21995102466        137461.69704532914     
   139692.09079828544        136989.99501672169        136691.15890016273        137630.94436496956     
   139865.34617592767        137156.05267709141        136853.32605250171        137801.99238789399     
   140038.39147571471        137321.42156028689        137015.69965121982        137974.74784337945     
   140210.30427223278        137485.18786245983        137178.03241638822        138147.97132270705     
   140381.72635527852        137648.15042697205        137340.38894237965        138322.14818533810     
   140553.20912927401        137810.56221486238        137502.85516394777        138497.48870105454     
   140724.88035388532        137972.61085106526        137665.43663253455        138673.79949815961     
   140896.80370243313        138134.30639497578        137828.12449022729        138850.80830016232     
   141069.06762828396        138295.75444228054        137990.91994667743        139028.30657071128     
   141241.72953475337        138457.01941236274        138153.82166826125        139206.09796357751     
   141414.83930631235        138618.18562369639        138316.83165243690        139384.02645137993     
   141588.42543717774        138779.32826993224        138479.95627474491        139561.96076632125     
   141762.49740093708        138940.52070859334        138643.20293622019        139739.79138206114     
   141937.04620201798        139101.83767201132        138806.58320564678        139917.41780985225     
   142112.05126703583        139263.35224311874        138970.11180126414        140094.73685884118     
   142286.45177992896        139424.13845216559        139133.56917383420        140270.51859141566     
   142460.78358453751        139585.02895916207        139297.05501390592        140445.33923849039     
   142635.48854896822        139746.27894898667        139460.68785231691        140619.52526393181     
   142810.57675255422        139908.06822650586        139624.50154041004        140793.01010045651     
   142985.99478977933        140070.37606184243        139788.51186370649        140965.67762996480     
   143161.72383196920        140233.26590857533        139952.73920838683        141137.50750487068     
   143337.72549015161        140396.74503386716        140117.19322325959        141308.51657452993     
   143513.96824970128        140560.82724686043        140281.88028544627        141478.77976016517     
   143690.41784282532        140725.50427006345        140446.79894046296        141648.40876427846     
   143867.04335061778        140890.76000571068        140611.94454148549        141817.53810617031     
   144043.81723555308        141056.56563282787        140777.31009469269        141986.31005155289     
   144220.71484228063        141222.87940979414        140942.88632688238        142154.86200159570     
   144396.65484484518        141388.63193004802        141108.42311107519        142322.17937091770     
   144572.19821701472        141554.54924644908        141273.99402818742        142489.08967873605     
   144748.22583058709        141720.87208902588        141439.45644105805        142656.29010062324     
   144923.81557505304        141887.59235328683        141605.23651845485        142823.60323695472     
   145099.25118493149        142054.31173674425        141771.42371265410        142991.03143153814     
   145275.30183467956        142221.30941198938        141937.56332005915        143158.88290275371     
   145451.66759531462        142388.56589109448        142103.54018177724        143327.08782034821     
   145627.70591982274        142555.88569236698        142269.82407989513        143495.46344383262     
   145804.02470787457        142723.25725717400        142436.24617856886        143664.16999362348     
   145980.09101218564        142890.67776087270        142602.98081435333        143833.08404170250     
   146156.85308670613        143058.02979003839        142769.66905643113        144002.36124754412     
   146334.00111895916        143225.71334476574        142936.13824354962        144171.95420121343     
   146509.80683124959        143392.28028518218        143102.61347233117        144340.50654443580     
   146685.48700690118        143558.69431169872        143269.04562846778        144508.91935600364     
   146861.31571425003        143725.18757504455        143435.48533680037        144677.57745016093     
   147037.37368972783        143891.76149730638        143601.98039805898        144846.49899096074     
   147213.63963506796        144058.46047972515        143768.52789275185        145015.63229999191     
   147390.08722399344        144225.25404465513        143935.15000947207        145184.94203829608     
   147566.69490229714        144392.16744215079        144101.86489098490        145354.39943194410     
   147743.43780050465        144559.18770730926        144268.69013545042        145523.97613678841     
   147919.94543124383        144726.20250739207        144435.82608095228        145693.56598398564     
   148096.98680224729        144893.32214717520        144603.02143121551        145863.35183489430     
   148273.91342057771        145060.68204387283        144770.29839873855        146033.21262909277     
   148450.95595017768        145228.04607278819        144937.77292680112        146203.15302397785     
   148626.88211048764        145394.57721356387        145105.16891440080        146372.00551380878     
   148802.29828861560        145560.89540845953        145272.60919139787        146540.51540291496     
   148977.70314318169        145727.30984901998        145440.19761727736        146709.18833281429     
   149153.12543502552        145893.86953144168        145607.95821947115        146878.06713476140     
   149328.54400284679        146060.53235788699        145775.88954317730        147047.11627449602     
   149503.97169978337        146227.29979526097        145943.99957715475        147216.33867125653     
