          51
   107370.75103830239        107369.81113052634        107366.47605369535        107369.03318612075     
   125717.55779512675        124843.90306560723        111485.66686452898        127187.43804769684     
   133732.10531975111        129129.29725612872        114284.11866115978        134598.84393091299     
   133414.45867006906        130279.43966360544        115244.57276547437        134014.98565270417     
   132521.56306694163        128975.52355580157        116041.95633352072        132622.06915183106     
   132110.80880924230        129044.33481868790        116825.26902114402        131934.02468041168     
   131544.76509948118        128500.00957825057        117513.15623112742        131129.61997034290     
   131131.77125276823        128322.26135847491        118168.86111605866        130576.46565076619     
   130708.37304700469        128025.45500772657        118770.08418864979        130065.15362717118     
   130350.24959879578        127830.97444289460        119336.43913394347        129669.28248143036     
   130019.98651386626        127632.08591810770        119865.80441621599        129331.54624151079     
   129730.70152724635        127473.53729916045        120364.64522682718        129061.35874001397     
   129471.88029035646        127333.77300113073        120834.70495129764        128839.63814429234     
   129243.72939094457        127219.20429864300        121279.07067407925        128662.39816299488     
   129042.97038092275        127124.67719085730        121699.77360330713        128521.37187555035     
   128868.75204831950        127049.72785637861        122099.08864399193        128412.45570026370     
   128719.30618442857        126991.95987668358        122478.68665494771        128330.40017600429     
   128593.87488584851        126950.27747198426        122840.29247431002        128271.46117264520     
   128491.29992824048        126922.58343579703        123185.18756540806        128232.09769606625     
   128410.54200468713        126907.55222154726        123514.64365171778        128209.48005106472     
   128350.59012249262        126903.58036987175        123829.86192703256        128201.16370309601     
   128310.30160341428        126909.80141024565        124131.81420884439        128205.20941500932     
   128288.41941812716        126925.24314441436        124421.46492642575        128219.99599985857     
   128283.62625860418        126949.20480125560        124699.68676606052        128244.27174505858     
   128294.71930814460        126981.04947318614        124967.30768800592        128277.04893576789     
   128319.76997834454        127019.51945781424        125224.92439630895        128316.69822958126     
   128358.10129942064        127064.79170744905        125473.34238189727        128363.20387954422     
   128409.02598263971        127116.71989874420        125713.34531866749        128416.50730431236     
   128471.53193659212        127175.15142507575        125945.61192440415        128476.29969224676     
   128544.61404409987        127239.79986251742        126170.76918564635        128542.25205451710     
   128627.35272565455        127310.48871630122        126389.41449550854        128614.09527351736     
   128718.90266385762        127386.96768536021        126602.09897193717        128691.55213920269     
   128818.52251931305        127469.01340937904        126809.33590911266        128774.33428701777     
   128925.55217572862        127556.36537690609        127011.59578327114        128862.12973612850     
   129039.43175293962        127648.76573868890        127209.30460947468        128954.59879758868     
   129159.67924596093        127745.89431104182        127402.83793160695        129051.37107465607     
   129285.90160249503        127847.45708024535        127592.53946154332        129152.06103807826     
   129416.91214709972        127952.31953915437        127778.50616917957        129255.32361538625     
   129552.93420143040        128060.77469374122        127961.05976373753        129361.30520942966     
   129694.48047222702        128172.82231631421        128140.22300343703        129470.03361261256     
   129840.80023185824        128288.00713113275        128316.67576640981        129580.89427595101     
   129992.16930982286        128406.05472762026        128490.47944159740        129693.58317150142     
   130148.45568381676        128526.85998370379        128661.65787628993        129807.63297056922     
   130309.69673857668        128650.04703661427        128830.33767076838        129922.68694349898     
   130475.85132370587        128775.49673861086        128996.58298617162        130038.35282540135     
   130646.91131030091        128902.94094277029        129160.48979127180        130154.30363703507     
   130822.82778342067        129032.27055258819        129322.11862412091        130270.27480025953     
   131003.54288861484        129163.30275186562        129481.54144752063        130386.05616180175     
   131188.98258767850        129295.91219234859        129638.82750809417        130501.52245181621     
   131378.13568143357        129429.11899370345        129793.85241291445        130615.66908284168     
   131571.27585384386        129563.51274888434        129946.78011244352        130729.13154027528     
