          11
   107370.75103830239        107369.81113052634        107366.47605369535        107369.03318612075     
   125717.55779512675        124843.90306560723        111485.66686452898        127187.43804769684     
   133732.10531975111        129129.29725612872        114284.11866115978        134598.84393091299     
   133414.45867006906        130279.43966360544        115244.57276547437        134014.98565270417     
   132521.56306694163        128975.52355580157        116041.95633352072        132622.06915183106     
   132110.80880924230        129044.33481868790        116825.26902114402        131934.02468041168     
   131544.76509948118        128500.00957825057        117513.15623112742        131129.61997034290     
   131131.77125276823        128322.26135847491        118168.86111605866        130576.46565076619     
   130708.37304700469        128025.45500772657        118770.08418864979        130065.15362717118     
   130350.24959879578        127830.97444289460        119336.43913394347        129669.28248143036     
   130019.98651386626        127632.08591810770        119865.80441621599        129331.54624151079     
