         291
   107370.75103830239        107369.81113052634        107366.47605369535        107369.03318612075     
   125717.55779512675        124843.90306560723        111485.66686452898        127187.43804769684     
   133732.10531975111        129129.29725612872        114284.11866115978        134598.84393091299     
   133414.45867006906        130279.43966360544        115244.57276547437        134014.98565270417     
   132521.56306694163        128975.52355580157        116041.95633352072        132622.06915183106     
   132110.80880924230        129044.33481868790        116825.26902114402        131934.02468041168     
   131544.76509948118        128500.00957825057        117513.15623112742        131129.61997034290     
   131131.77125276823        128322.26135847491        118168.86111605866        130576.46565076619     
   130708.37304700469        128025.45500772657        118770.08418864979        130065.15362717118     
   130350.24959879578        127830.97444289460        119336.43913394347        129669.28248143036     
   130019.98651386626        127632.08591810770        119865.80441621599        129331.54624151079     
   129730.70152724635        127473.53729916045        120364.64522682718        129061.35874001397     
   129471.88029035646        127333.77300113073        120834.70495129764        128839.63814429234     
   129243.72939094457        127219.20429864300        121279.07067407925        128662.39816299488     
   129042.97038092275        127124.67719085730        121699.77360330713        128521.37187555035     
   128868.75204831950        127049.72785637861        122099.08864399193        128412.45570026370     
   128719.30618442857        126991.95987668358        122478.68665494771        128330.40017600429     
   128593.87488584851        126950.27747198426        122840.29247431002        128271.46117264520     
   128491.29992824048        126922.58343579703        123185.18756540806        128232.09769606625     
   128410.54200468713        126907.55222154726        123514.64365171778        128209.48005106472     
   128350.59012249262        126903.58036987175        123829.86192703256        128201.16370309601     
   128310.30160341428        126909.80141024565        124131.81420884439        128205.20941500932     
   128288.41941812716        126925.24314441436        124421.46492642575        128219.99599985857     
   128283.62625860418        126949.20480125560        124699.68676606052        128244.27174505858     
   128294.71930814460        126981.04947318614        124967.30768800592        128277.04893576789     
   128319.76997834454        127019.51945781424        125224.92439630895        128316.69822958126     
   128358.10129942064        127064.79170744905        125473.34238189727        128363.20387954422     
   128409.02598263971        127116.71989874420        125713.34531866749        128416.50730431236     
   128471.53193659212        127175.15142507575        125945.61192440415        128476.29969224676     
   128544.61404409987        127239.79986251742        126170.76918564635        128542.25205451710     
   128627.35272565455        127310.48871630122        126389.41449550854        128614.09527351736     
   128718.90266385762        127386.96768536021        126602.09897193717        128691.55213920269     
   128818.52251931305        127469.01340937904        126809.33590911266        128774.33428701777     
   128925.55217572862        127556.36537690609        127011.59578327114        128862.12973612850     
   129039.43175293962        127648.76573868890        127209.30460947468        128954.59879758868     
   129159.67924596093        127745.89431104182        127402.83793160695        129051.37107465607     
   129285.90160249503        127847.45708024535        127592.53946154332        129152.06103807826     
   129416.91214709972        127952.31953915437        127778.50616917957        129255.32361538625     
   129552.93420143040        128060.77469374122        127961.05976373753        129361.30520942966     
   129694.48047222702        128172.82231631421        128140.22300343703        129470.03361261256     
   129840.80023185824        128288.00713113275        128316.67576640981        129580.89427595101     
   129992.16930982286        128406.05472762026        128490.47944159740        129693.58317150142     
   130148.45568381676        128526.85998370379        128661.65787628993        129807.63297056922     
   130309.69673857668        128650.04703661427        128830.33767076838        129922.68694349898     
   130475.85132370587        128775.49673861086        128996.58298617162        130038.35282540135     
   130646.91131030091        128902.94094277029        129160.48979127180        130154.30363703507     
   130822.82778342067        129032.27055258819        129322.11862412091        130270.27480025953     
   131003.54288861484        129163.30275186562        129481.54144752063        130386.05616180175     
   131188.98258767850        129295.91219234859        129638.82750809417        130501.52245181621     
   131378.13568143357        129429.11899370345        129793.85241291445        130615.66908284168     
   131571.27585384386        129563.51274888434        129946.78011244352        130729.13154027528     
   131768.48882899355        129699.40590908166        130097.83864612038        130842.56977485228     
   131969.22942482578        129837.29913681604        130247.21787718769        130956.45328578576     
   132172.63370075339        129977.87369757376        130395.15997933538        131071.40489546236     
   132377.67560898262        130122.25015816918        130541.97879515513        131188.21429459771     
   132583.23955451869        130271.57987739258        130687.98884147032        131307.63014586849     
   132788.36738701694        130426.83793530437        130833.51486498892        131430.27096485745     
   132992.25601872630        130588.56221284468        130978.82126453177        131556.49873930472     
   133194.41070198189        130756.69103068090        131124.15385659406        131686.51401640585     
   133394.59385198954        130930.42823284969        131269.71206754856        131820.37674410702     
   133592.78129452548        131108.23813482421        131415.67046183275        131958.11650066829     
   133788.15375084881        131287.29042066287        131561.97564057293        132098.77365158749     
   133981.36460068723        131466.29401546146        131708.83497683995        132242.98993335132     
   134173.00224045262        131643.79920248105        131856.43636085873        132391.12417090984     
   134363.24412337859        131818.92833102593        132004.85593965097        132543.06969963395     
   134552.17974764179        131991.34104782619        132154.11387186841        132698.55111414011     
   134739.89748264017        132161.40800309365        132304.20176694909        132857.27615643025     
   134926.41607114370        132329.84801799306        132455.10568982520        133018.93549098595     
   135111.78890223635        132497.60205480378        132606.72178709626        133183.23556147813     
   135295.97243755122        132665.51281210213        132759.01832630156        133349.94046566953     
   135478.91801052261        132834.34973650664        132911.91942276561        133518.85432836533     
   135660.57162996012        133004.61086431876        133065.35772545659        133689.80699673286     
   135840.91181287161        133176.58105491957        133219.26454324007        133862.64642448671     
   136019.04809555080        133349.36679591765        133373.36519368726        134036.20179544331     
   136195.63283778590        133523.49335748178        133527.68553908041        134210.96114593590     
   136371.28794519044        133698.81844168561        133682.28202873631        134387.15394465454     
   136546.27959115332        133875.08127401414        133837.14654076746        134564.57366984864     
   136720.83445287854        134051.87589084869        133992.25463517246        134742.86465419427     
   136895.14877860536        134228.84870953663        134147.66193364793        134921.66620176975     
   137069.44231201638        134405.79560852109        134303.37097034295        135100.49859810894     
   137243.86295437778        134582.53533406270        134459.42468985706        135278.83972099939     
   137418.52878422494        134758.99252156203        134615.86994533447        135456.13438714942     
   137593.54037643649        134935.09650984043        134772.76337200304        135631.85253431470     
   137768.96404676692        135110.82054244482        134930.15771682595        135805.55801799550     
   137944.80910955468        135286.11244472003        135088.09994457648        135976.97958467115     
   138120.03494835715        135459.94859070380        135246.40995551174        136145.03324628618     
   138295.12387796768        135633.00846664616        135405.14368731706        136310.63782925680     
   138470.38428386013        135805.37176886774        135564.39430976304        136474.69179713842     
   138645.67425495727        135977.04979669824        135724.17206108954        136637.83887775632     
   138820.84695605573        136147.93643302313        135884.42050871157        136800.76067255298     
   138995.79100471607        136318.00674713991        136045.09584900859        136964.11992187187     
   139170.41259491674        136487.23588054840        136206.15001282710        137128.47465366562     
   139344.66728505152        136655.62475702408        136367.53870836762        137294.24632841253     
   139518.54965177472        136823.19982837795        136529.21995102466        137461.69704532914     
   139692.09079828544        136989.99501672169        136691.15890016273        137630.94436496956     
   139865.34617592767        137156.05267709141        136853.32605250171        137801.99238789399     
   140038.39147571471        137321.42156028689        137015.69965121982        137974.74784337945     
   140210.30427223278        137485.18786245983        137178.03241638822        138147.97132270705     
   140381.72635527852        137648.15042697205        137340.38894237965        138322.14818533810     
   140553.20912927401        137810.56221486238        137502.85516394777        138497.48870105454     
   140724.88035388532        137972.61085106526        137665.43663253455        138673.79949815961     
   140896.80370243313        138134.30639497578        137828.12449022729        138850.80830016232     
   141069.06762828396        138295.75444228054        137990.91994667743        139028.30657071128     
   141241.72953475337        138457.01941236274        138153.82166826125        139206.09796357751     
   141414.83930631235        138618.18562369639        138316.83165243690        139384.02645137993     
   141588.42543717774        138779.32826993224        138479.95627474491        139561.96076632125     
   141762.49740093708        138940.52070859334        138643.20293622019        139739.79138206114     
   141937.04620201798        139101.83767201132        138806.58320564678        139917.41780985225     
   142112.05126703583        139263.35224311874        138970.11180126414        140094.73685884118     
   142286.45177992896        139424.13845216559        139133.56917383420        140270.51859141566     
   142460.78358453751        139585.02895916207        139297.05501390592        140445.33923849039     
   142635.48854896822        139746.27894898667        139460.68785231691        140619.52526393181     
   142810.57675255422        139908.06822650586        139624.50154041004        140793.01010045651     
   142985.99478977933        140070.37606184243        139788.51186370649        140965.67762996480     
   143161.72383196920        140233.26590857533        139952.73920838683        141137.50750487068     
   143337.72549015161        140396.74503386716        140117.19322325959        141308.51657452993     
   143513.96824970128        140560.82724686043        140281.88028544627        141478.77976016517     
   143690.41784282532        140725.50427006345        140446.79894046296        141648.40876427846     
   143867.04335061778        140890.76000571068        140611.94454148549        141817.53810617031     
   144043.81723555308        141056.56563282787        140777.31009469269        141986.31005155289     
   144220.71484228063        141222.87940979414        140942.88632688238        142154.86200159570     
   144396.65484484518        141388.63193004802        141108.42311107519        142322.17937091770     
   144572.19821701472        141554.54924644908        141273.99402818742        142489.08967873605     
   144748.22583058709        141720.87208902588        141439.45644105805        142656.29010062324     
   144923.81557505304        141887.59235328683        141605.23651845485        142823.60323695472     
   145099.25118493149        142054.31173674425        141771.42371265410        142991.03143153814     
   145275.30183467956        142221.30941198938        141937.56332005915        143158.88290275371     
   145451.66759531462        142388.56589109448        142103.54018177724        143327.08782034821     
   145627.70591982274        142555.88569236698        142269.82407989513        143495.46344383262     
   145804.02470787457        142723.25725717400        142436.24617856886        143664.16999362348     
   145980.09101218564        142890.67776087270        142602.98081435333        143833.08404170250     
   146156.85308670613        143058.02979003839        142769.66905643113        144002.36124754412     
   146334.00111895916        143225.71334476574        142936.13824354962        144171.95420121343     
   146509.80683124959        143392.28028518218        143102.61347233117        144340.50654443580     
   146685.48700690118        143558.69431169872        143269.04562846778        144508.91935600364     
   146861.31571425003        143725.18757504455        143435.48533680037        144677.57745016093     
   147037.37368972783        143891.76149730638        143601.98039805898        144846.49899096074     
   147213.63963506796        144058.46047972515        143768.52789275185        145015.63229999191     
   147390.08722399344        144225.25404465513        143935.15000947207        145184.94203829608     
   147566.69490229714        144392.16744215079        144101.86489098490        145354.39943194410     
   147743.43780050465        144559.18770730926        144268.69013545042        145523.97613678841     
   147919.94543124383        144726.20250739207        144435.82608095228        145693.56598398564     
   148096.98680224729        144893.32214717520        144603.02143121551        145863.35183489430     
   148273.91342057771        145060.68204387283        144770.29839873855        146033.21262909277     
   148450.95595017768        145228.04607278819        144937.77292680112        146203.15302397785     
   148626.88211048764        145394.57721356387        145105.16891440080        146372.00551380878     
   148802.29828861560        145560.89540845953        145272.60919139787        146540.51540291496     
   148977.70314318169        145727.30984901998        145440.19761727736        146709.18833281429     
   149153.12543502552        145893.86953144168        145607.95821947115        146878.06713476140     
   149328.54400284679        146060.53235788699        145775.88954317730        147047.11627449602     
   149503.97169978337        146227.29979526097        145943.99957715475        147216.33867125653     
   149679.41019165417        146394.15843832499        146112.28836714409        147385.71549410536     
   149854.86380867442        146561.08078144843        146280.76692067939        147555.21489093284     
   150030.36268256436        146728.11629507100        146449.41371773341        147724.85249916610     
   150205.91757950076        146895.21479928299        146618.23777020670        147894.57769147199     
   150381.54896815243        147062.39586034766        146787.23461815724        148064.37295295642     
   150557.28054374811        147229.64124723867        146956.40017124460        148234.21064398449     
   150732.00476253973        147395.86817714470        147125.47017529662        148402.85503130860     
   150906.35979125893        147561.90929784646        147294.52474589238        148571.05303609505     
   151080.87967439034        147727.96999490098        147463.66549091946        148739.28347433134     
   151255.62616419990        147894.17983196446        147632.89984715986        148907.57817431595     
   151430.58731286437        148060.46177524485        147802.21914439893        149075.88179769175     
   151605.78893036742        148226.83840045743        147971.62517613714        149244.18986886606     
   151781.23061201343        148393.29205821850        148141.11541706894        149412.48209488209     
   151956.91504285234        148559.82746390867        148310.68997751348        149580.75564236083     
   152132.83930180257        148726.43958554242        148480.35029908767        149749.00159797128     
   152308.99764584648        148893.13129344568        148650.09877999660        149917.21799309985     
   152485.38020115389        149059.90408924007        148819.93926151114        150085.40493062930     
   152661.97453461934        149226.76238463586        148989.87513237409        150253.56758890642     
   152837.61591713113        149392.59948242066        149159.64688378142        150420.47526884524     
   153012.91385784574        149558.27978395997        149329.34444765007        150586.92315477994     
   153188.37413819571        149724.01896218662        149499.07927645819        150753.43180430378     
   153364.02401292301        149889.96450830484        149668.86589285603        150920.06821027238     
   153539.82237833992        150056.04611270869        149838.70168064229        151086.80486044349     
   153715.76424649332        150222.30640916876        150008.59319441053        151253.67486701391     
   153891.82615763796        150388.73712697314        150178.53845819051        151420.68997940520     
   154067.99424586148        150555.35662920255        150348.53780273051        151587.87700089358     
   154244.25138370798        150722.17002141086        150518.59002728839        151755.25967230811     
   154420.58385455440        150889.18767182250        150688.69383488686        151922.86275873196     
   154596.97677050455        151056.41735859384        150858.84911235821        152090.71251056902     
   154773.41578998938        151223.86408722322        151029.05485074213        152258.83327331068     
   154948.71805236881        151390.39551735102        151199.04425428819        152425.98736530033     
   155123.82295957347        151557.01644099684        151368.69663813699        152593.11916905062     
   155298.51160577871        151723.74099877197        151538.52826543606        152760.45349309070     
   155473.39099456719        151890.72782813429        151708.41107116849        152928.27311722556     
   155648.23470081468        152057.97651425438        151878.25518772370        153096.45493242150     
   155823.10821253815        152225.38229679025        152048.12625953884        153265.01674244518     
   155997.99302474799        152393.02102314460        152218.01362645146        153433.93466227013     
   156172.88635439242        152560.82801240470        152387.93071255647        153603.18638274886     
   156347.79236875116        152728.83010701986        152557.88278252413        153772.75122653792     
   156522.70940906709        152896.99095136658        152727.87723744035        153942.60251875260     
   156697.64496363091        153065.31209820524        152897.91820467150        154112.71368692769     
   156872.60339604807        153233.77335768318        153068.01585447311        154283.05351103202     
   157046.40006313054        153401.21072093735        153237.90118295347        154452.31364259744     
   157219.70582872286        153568.48880426257        153407.67060111070        154621.27737113048     
   157393.05044695770        153735.83057296104        153577.44450801032        154790.43857625703     
   157566.50568531474        153903.34418803628        153747.23340985784        154959.81842420876     
   157740.05317926939        154070.94346042082        153917.04389602435        155129.34099573732     
   157913.71986412836        154238.64330842864        154086.87709874334        155298.99039304428     
   158087.51098871219        154406.41349699139        154256.73658551072        155468.72903520477     
   158261.43950005501        154574.24884847566        154426.62329662527        155638.53918713500     
   158435.51741482809        154742.14113400431        154596.53723143484        155808.39963476907     
   158609.75331524885        154910.08482932398        154766.47740324767        155978.29903029752     
   158784.15841782728        155078.07440291607        154936.44240687721        156148.22781157782     
   158958.73783455725        155246.11360052202        155106.42998098125        156318.18279347519     
   159132.29181221256        155413.02357271992        155276.16048079092        156486.86667544401     
   159305.48959781969        155579.70750038518        155445.73086826337        156655.10480617185     
   159478.87207055511        155746.39957141920        155615.24832977072        156823.43170421867     
   159652.49488502642        155913.23333517110        155784.72655332371        156991.90543385714     
   159826.33384708225        156080.13599500919        155954.16877202908        157160.47826181029     
   160000.39770691207        156247.14075555102        156123.57050809942        157329.17329760082     
   160174.68452944088        156414.23158892221        156292.93622501721        157497.97570750152     
   160349.18892129444        156581.42765486724        156462.26289613853        157666.89577080100     
   160523.90636781562        156748.72805439503        156631.55356398568        157835.93670198575     
   160698.55854746664        156916.05139951143        156800.99575772078        158004.99691497194     
   160873.79893632181        157083.49989488351        156970.31709347936        158174.32103690004     
   161049.06950399454        157251.13487094780        157139.49562218061        158343.71421556061     
   161223.34915500940        157417.64815729624        157308.39277266958        158511.93005242405     
   161397.45797834915        157584.19291638120        157476.87180256462        158679.87957965926     
   161571.31227159940        157750.71689994994        157645.42515881528        158847.83053123014     
   161745.43389545809        157917.42970155829        157814.03112115877        159016.03433189474     
   161919.59165446227        158084.26702804759        157982.61327754636        159184.33052071338     
   162093.56384690996        158251.06901151969        158151.40832507913        159352.62938487993     
   162267.91815324509        158417.97510987040        158320.04786671879        159521.11121980220     
   162442.12587215772        158584.98640556782        158488.70409135567        159689.58062983313     
   162616.36604269771        158751.99978635431        158657.48759261426        159858.08421918761     
   162790.53459295837        158919.13190781471        158826.34415971438        160026.59158824294     
   162964.63369493498        159086.25984911787        158995.31014398075        160195.09015206402     
   163138.64461260254        159253.44544455208        159164.38659309637        160363.57692498874     
   163311.31406901608        159419.43656649880        159333.29707811950        160530.72126268124     
   163483.30548012827        159585.18098615672        159502.12990407992        160697.35713910984     
   163655.18358094088        159750.88981315587        159671.00448625043        160864.04170609213     
   163826.99088638744        159916.71609529961        159839.92625796766        161030.83039760485     
   163998.70711944389        160082.56799202881        160008.88532443563        161197.68067963209     
   164170.35230922635        160248.48291914127        160177.87681759498        161364.60540133974     
   164341.93076814522        160414.44210187261        160346.89073822944        161531.59648119353     
   164513.45697215217        160580.45724766413        160515.91678661027        161698.67635732720     
   164684.94533941153        160746.53112787774        160684.94339025253        161865.83924656894     
   164856.41384088885        160912.66958703002        160853.96394727344        162033.09706005608     
   165027.87785667126        161078.87980268954        161022.96756402246        162200.45771187395     
   165199.35707439235        161245.16353155716        161191.94622005400        162367.92263232893     
   165369.61330910050        161410.31127011802        161360.60959001153        162534.15651618232     
   165539.33680096886        161575.26106345124        161529.04619716486        162700.00599938893     
   165709.11745103067        161740.23989282231        161697.37657639649        162866.02266114778     
   165879.00742839568        161905.39212154312        161865.61551379130        163032.25305078318     
   166048.99065532020        162070.62103119114        162033.76487818599        163198.62742864274     
   166219.08522752181        162235.95061425571        162201.83961900117        163365.14328488545     
   166389.28670703905        162401.35397759621        162369.84562427504        163531.76978980418     
   166559.59825325740        162566.82887506101        162537.79265393279        163698.48891803241     
   166730.01835053961        162732.35916577707        162705.69071746484        163865.28207873038     
   166900.54367810459        162897.93964331408        162873.54729422581        164032.12868843024     
   167071.17207264507        163063.56040220393        163041.37181827202        164199.01640718651     
   167241.90028613314        163229.21562319662        163209.16789048808        164365.93258198522     
   167411.46307723175        163393.67345692604        163376.65258736850        164531.51143890401     
   167580.53647241383        163557.87831563014        163543.91903175728        164696.61273052605     
   167749.70332098010        163722.05734728670        163711.09189250035        164861.78834218468     
   167919.00661991042        163886.36085568438        163878.18646812980        165027.08968532184     
   168088.41882532445        164050.69613431106        164045.19901675559        165192.46500639091     
   168257.95147170193        164215.09999686579        164212.13542750195        165357.92286742001     
   168427.59659678035        164379.54774433142        164378.99337815243        165523.44937646770     
   168597.35442973798        164544.05234211384        164545.77578558202        165689.04693434905     
   168767.22133000119        164708.61222190491        164712.48340003786        165854.71274270900     
   168937.19446860778        164873.23184112820        164879.11627775669        166020.45008511574     
   169107.26901436239        165037.91329455437        165045.67419911042        166186.25838150288     
   169277.62178612931        165202.70754713347        165212.01716515992        166352.21296220139     
   169446.52504497443        165366.32413446004        165378.08895972298        166516.77013750246     
   169615.04025212050        165529.69447319806        165543.94799721867        166680.95575080835     
   169783.59149871371        165693.13134647877        165709.63985160258        166845.27275372358     
   169952.27352771733        165856.68203589614        165875.23137361274        167009.78585113518     
   170121.04064139895        166020.34113243577        166040.70046879363        167174.44248658192     
   170289.89884625608        166184.09161385067        166206.05649319873        167339.24198657920     
   170458.83465256149        166347.94086449518        166371.30034522541        167504.16805405085     
   170627.84059526437        166511.87543639753        166536.43831137955        167669.21146460448     
   170796.90690319278        166675.89778868237        166701.47504226444        167834.36176162955     
   170966.02443169628        166840.00088174196        166866.41709007946        167999.60973158118     
   171135.18378269632        167004.18199419355        167031.27080744843        168164.94619846201     
   171304.37555459820        167168.43505310427        167196.04312690999        168330.36125732851     
   171472.29906930673        167331.49699379038        167360.44957101654        168494.46151709024     
   171639.65270759471        167494.33707748374        167524.59276975429        168658.12032194081     
   171806.99438107654        167657.18012032329        167688.60644041421        168821.89085764810     
   171974.37354683780        167820.16527465091        167852.51315943454        168985.81256543519     
   172141.74999955294        167983.19564252716        168016.31995743708        169149.81963002105     
   172309.12787747176        168146.28954976113        168180.03932920919        169313.90464660982     
   172476.49094542078        168309.41688417562        168343.68550435788        169478.03804205247     
   172643.83312572743        168472.56919969840        168507.26525507690        169642.20543199917     
   172811.14464857202        168635.73547868142        168670.78693095662        169806.38769564306     
   172978.41952091831        168798.90724945377        168834.25723621968        169970.57112531192     
   173145.65205818063        168962.07552691706        168997.68160619016        170134.74393781644     
   173312.83882858409        169125.23284531021        169161.06427613911        170298.89557865006     
   173478.67673355111        169287.10561496348        169324.11354058885        170461.62509549898     
   173643.88030078550        169448.67353700229        169486.93096562210        170623.82140808037     
