         381
   0.0000000000000000        0.0000000000000000        0.0000000000000000        0.0000000000000000     
   97.494430070926754        18.130900135816660        43.810015583331044        36.488381156875931     
   93.662499695516019        16.241413381874651        52.675129829519136        33.706164755875768     
   89.877167185492027        16.512339259814588        57.824733064466422        32.434343425911834     
   86.562386119676290        15.764471534678041        63.928437476830013        30.754668705439251     
   83.503739803120524        15.498607811254134        68.785259055983872        29.585575051984282     
   80.680694101444175        15.128448016730220        73.419919858912593        28.506154113059967     
   78.074512891020987        14.811107895293972        77.606702353330647        27.606777665833427     
   75.664076200620542        14.536203109244264        81.421934700036374        26.837397414202606     
   73.432006546098677        14.267338233202249        84.947507600551447        26.175902593676881     
   71.366193758972372        14.034712074629946        88.172974220611536        25.611361308898061     
   69.454658434293705        13.814383491469789        91.154367487426882        25.124379877109288     
   67.687640626383399        13.617843822904449        93.898962930364235        24.705712851419651     
   66.051440564345341        13.436330134940242        96.434235599073006        24.342115271064571     
   64.542136300502918        13.272753406794456        98.775769348515212        24.027380997098660     
   63.151874232443234        13.124136588024793        100.94183915544468        23.754078641322852     
   61.873787475120480        12.989795757528158        102.94555952317384        23.516149769015151     
   60.701810104269519        12.868381701097588        104.80099017723643        23.308431220391849     
   59.629865585480289        12.758475500056408        106.51856721184379        23.126549432232569     
   58.652421659468224        12.659061789460811        108.10883761278748        22.966803179530444     
   57.764485008104664        12.568847652927110        109.58173075416467        22.826139156927347     
   56.960724791190039        12.487149301884772        110.94515336111706        22.702036640470784     
   56.236254643103166        12.413074034206421        112.20729340169785        22.592409619291811     
   55.585968685828782        12.346048642310080        113.37530992111947        22.495620622464894     
   55.004800126756834        12.285530826802011        114.45618651875972        22.410378280124249     
   54.483210760869291        12.230308808135666        115.45442114969823        22.334045552289087     
   54.020712825995226        12.180942485753175        116.37781936343963        22.267622067335989     
   53.612302453078378        12.137062451645551        117.23238514687986        22.210435200520987     
   53.253193014682552        12.098467164139565        118.02363125106636        22.161994628626402     
   52.938828667369933        12.064917800814156        118.75679270189171        22.121837926721319     
   52.664991886383177        12.036205096958911        119.43673759543564        22.089538735645124     
   52.427815392029451        12.012116125006351        120.06797152487374        22.064666074221975     
   52.223833685914272        11.992418926497376        120.65464469863855        22.046765840302534     
   52.049983935114575        11.976881476627431        121.20052744304456        22.035365312410551     
   51.903608565586566        11.965243185247479        121.70905458901260        22.029949908846920     
   51.782434570433104        11.957263355697714        122.18326782116677        22.029983522507354     
   51.684573132659089        11.952657895923821        122.62591887394389        22.034897625019667     
   51.603891638495462        11.950325965700724        123.03734372823945        22.042398597378853     
   51.543896860828532        11.950927039683721        123.42131475272868        22.053736124421064     
   51.503495034182983        11.954004914609323        123.78005014465583        22.068231318332085     
   51.482274896137085        11.959723075335432        124.11434642759374        22.085353596285813     
   51.479417124968478        11.967340823531062        124.42645838425186        22.104395890703220     
   51.494589363838067        11.977041520484280        124.71690500510137        22.124982798115827     
   51.527448085689628        11.988340935049003        124.98717466355528        22.146470758178850     
   51.577794484462196        12.001254972956959        125.23780006937179        22.168499191780089     
   51.645402185461847        12.015517693769098        125.46973746567031        22.190604701233660     
   51.730000549015458        12.031055805851265        125.68360662389372        22.212512563787460     
   51.831232530862685        12.047711861124185        125.88016861931963        22.233976747301103     
   51.948622886953459        12.065373874949717        126.06013281009784        22.254876761631124     
   52.076748363717577        12.083055068495849        126.22220079297722        22.273411329602947     
   52.219414475672011        12.101744800755407        126.36898721845913        22.291671068215141     
   52.374924603693380        12.121425099311288        126.50196927917884        22.309901600438295     
   52.540626038248526        12.142508398628001        126.62266713043618        22.328822471761910     
   52.712964349998842        12.165590373163973        126.73320175785915        22.349268974796491     
   52.887719222208723        12.191500091205585        126.83593163600310        22.372279616122274     
   53.060775757822732        12.221096973241421        126.93323856060219        22.398726923547866     
   53.228678100067860        12.254932854643780        127.02740655877668        22.429226144979033     
   53.388911920939627        12.293300550891701        127.12028195270133        22.464156174356951     
   53.540012837682028        12.335923589103068        127.21351506820251        22.503601298823916     
   53.681500185423204        12.381989692852517        127.30839844859918        22.547568633544142     
   53.813552248892620        12.430172647777843        127.40610174246565        22.596031337931368     
   53.931773724379106        12.478041278759974        127.50544729169150        22.647161127846474     
   54.041841297524172        12.525158827335156        127.60908543655133        22.702904999991098     
   54.144417657085896        12.570351731534029        127.71774752152774        22.763041841678213     
   54.240031197437844        12.613106216689431        127.83168699595316        22.827303457767911     
   54.329077795387590        12.653390250741017        127.95093491454848        22.895293937387251     
   54.411806621028688        12.691620333911303        128.07526841366132        22.966570352046908     
   54.488268908611353        12.728409599426589        128.20447747835865        23.040724493452341     
   54.558849933178621        12.764538094116178        128.33768604223749        23.117342599191087     
   54.623522939308977        12.800563402865260        128.47474663596327        23.196157460209690     
   54.682691585419313        12.837040100461262        128.61492326239497        23.276892195301222     
   54.736738492552831        12.874268446812714        128.75777576315849        23.359330996284964     
   54.786255569986608        12.912392591462014        128.90276244689150        23.443266443882216     
   54.826828753754071        12.950436826391968        129.04721530380397        23.526619421606526     
   54.864402675684666        12.989243014542710        129.19265786637240        23.611214194130167     
   54.899741965220571        13.028444119204666        129.33903291667286        23.696718723176279     
   54.933605507577290        13.067779680884698        129.48618553637587        23.782785017693620     
   54.966785225762166        13.106997009895121        129.63403304622537        23.868961785661270     
   54.999660982015591        13.145755500679842        129.78300398102297        23.954777784532791     
   55.033017653869642        13.184006196552446        129.93302612603523        24.039570185030115     
   55.067212623202266        13.221592631995700        130.08453416443427        24.122701915516345     
   55.102679183899795        13.258506220617953        130.23780220490954        24.203475992896518     
   55.139648926554749        13.294723224597341        130.39324021561507        24.281272494830155     
   55.178248758677057        13.330256537052765        130.55117814770389        24.355622537855087     
   55.218423732368741        13.365107963470525        130.71188648005594        24.426308119654930     
   55.254613021251515        13.398279696656271        130.87325170368888        24.491518201732614     
   55.292025430036375        13.430892016669656        131.03694645991573        24.553785564021627     
   55.329978821659665        13.462746363659937        131.20315107955750        24.613772831965854     
   55.367808085764779        13.493794523133802        131.37167328177983        24.672331840974451     
   55.405116257023401        13.524038452321317        131.54206391313585        24.730367675396749     
   55.441413399440584        13.553415724398340        131.71404139302032        24.788684959017502     
   55.476446659114913        13.581930688345604        131.88720869621514        24.847943897572414     
   55.510065248030415        13.609575258211841        132.06125982233772        24.908600637101507     
   55.542307945138703        13.636377691629598        132.23589279332066        24.970895708461793     
   55.573300445383097        13.662364674129519        132.41086964287737        25.034911628058744     
   55.603256756075403        13.687574964456630        132.58599849047968        25.100588122684343     
   55.632454703057356        13.712052877428935        132.76113885423692        25.167743077165042     
   55.655822934057596        13.734866969161805        132.93377802170886        25.234154228141321     
   55.679217562263787        13.757156128935653        133.10579240374358        25.301687624934868     
   55.702955627816124        13.778877216920394        133.27730554443846        25.369946624536677     
   55.727343625734456        13.800125627629301        133.44823233570287        25.438615403005596     
   55.752657364781555        13.820944575858688        133.61858405514681        25.507361275987741     
   55.779132090807380        13.841397776894803        133.78835863898419        25.575889765660410     
   55.806941777350623        13.861546999508695        133.95756347337453        25.643957208042472     
   55.836196808484665        13.881451102331578        134.12623121686121        25.711361037291759     
   55.866934649523621        13.901169733256991        134.29441367152776        25.777953853019167     
   55.899136864043363        13.920759416195649        134.46218645785086        25.843620609437668     
   55.932732369157542        13.940276353584631        134.62964093394191        25.908284715701868     
   55.967623732621121        13.959775330507810        134.79689115393739        25.971875948930023     
   55.998189832949706        13.978305091214239        134.96159946062153        26.032279370661485     
   56.029993407961840        13.997030517129947        135.12592503539238        26.091633843872032     
   56.062926226435849        14.015899500984119        135.29019245275140        26.149772632466266     
   56.096873855239537        14.034988517098961        135.45451064953625        26.206626311372425     
   56.131729057663151        14.054313656243103        135.61904174534217        26.262123214639182     
   56.167379348593919        14.073896304331267        135.78389152596753        26.316248626039034     
   56.203713370357903        14.093749863512141        135.94911875401360        26.369041743264834     
   56.240620097036349        14.113873737848305        136.11474558236887        26.420592827570292     
   56.277993637052482        14.134260597285168        136.28074784952875        26.471038570446346     
   56.315737380303680        14.154891200852179        136.44707909554492        26.520539300931109     
   56.353769004439833        14.175741056774527        136.61368280268067        26.569263650966452     
   56.392023321622169        14.196775767903612        136.78048830728437        26.617377145615158     
   56.424809280150122        14.216927295804783        136.94491059114807        26.662933511264285     
   56.457918064026181        14.237293255492277        137.10895923806888        26.708324851914195     
   56.490962947220055        14.257535325902492        137.27331705772252        26.753564439748132     
   56.524858411611575        14.278291092016037        137.43629530173826        26.798844311769134     
   56.559188994625217        14.298920959820734        137.59920560844520        26.843943235873933     
   56.593533639391637        14.319167525094759        137.76250584023907        26.888940541994568     
   56.628192068882854        14.339440207312490        137.92535978561310        26.934026430869370     
   56.663769744465370        14.359902610726980        138.08712880342068        26.979139802387575     
   56.699737561115640        14.380035445528121        138.24893135144606        27.024157568517346     
   56.736862504817346        14.400386093096897        138.40934075217820        27.069247710061003     
   56.774178498350494        14.420006219169439        138.57043503964931        27.114103446639390     
   56.812248645765763        14.439751673515223        138.73053605753555        27.159063083077903     
   56.845640962361287        14.458579254102089        138.88691333109583        27.201850784569974     
   56.879862288269948        14.477180151138704        139.04267050298890        27.244631429189454     
   56.915142243738231        14.495824244359410        139.19730099251140        27.287450138886086     
   56.951262090924537        14.514334743031066        139.35128431942172        27.330193681945136     
   56.988249486664280        14.532815018127927        139.50452972537155        27.372851863688346     
   57.025927112086912        14.551215411755834        139.65729776287930        27.415373235030167     
   57.064205819836026        14.569561176729490        139.80968652393005        27.457731595671120     
   57.102958284646178        14.587845121665316        139.96184451521523        27.499899192819225     
   57.142462780095784        14.606287452374186        140.11324149259667        27.541922788617715     
   57.181607738051383        14.624157415775024        140.26591880087156        27.583592059782614     
   57.221123923104578        14.642393630086600        140.41788706949819        27.625233528682809     
   57.260434976022552        14.660334166205544        140.57066054561244        27.666572933580095     
   57.293816240607875        14.677291655079291        140.72083008209765        27.705624210830237     
   57.327125993970512        14.694232443724299        140.87109145263591        27.744674009433652     
   57.360385780489459        14.711153365114926        141.02144580400886        27.783700806966735     
   57.393511048475226        14.728034456927006        141.17200210220224        27.822699229456170     
   57.426509724912542        14.744874661819662        141.32276364560576        27.861661037580078     
   57.459369124768756        14.761661193508694        141.47376877193966        27.900571467580026     
   57.492113556949917        14.778393093050630        141.62501116319086        27.939414018527859     
   57.524731209692980        14.795036928483995        141.77655697856514        27.978151849435374     
   57.557372364262413        14.811664758638672        141.92822738094529        28.016784653992325     
   57.590001554524171        14.828202496074232        142.08014934421649        28.055254888114575     
   57.622732344839257        14.844687411024536        142.23221317712355        28.093540670314628     
   57.655611237304385        14.861099165753821        142.38442273937406        28.131602285219731     
   57.682704417253042        14.876352339500459        142.53401725892149        28.167187104294243     
   57.710285903104555        14.891655958922838        142.68315850218491        28.202686246869671     
   57.738422243442045        14.906905450801945        142.83198756394398        28.237996566199705     
   57.767169699612715        14.922135007371075        142.98042934091012        28.273103223875772     
   57.796572925326466        14.937327440011606        143.12848571662585        28.307972330237241     
   57.826674423834277        14.952479482200117        143.27615428032607        28.342578024058291     
   57.857484899649592        14.967592123907933        143.42342906004785        28.376909010226388     
   57.888999820331875        14.982662913961821        143.57031653207957        28.410959149442643     
   57.921215592337852        14.997693635302630        143.71683569595970        28.444718649469781     
   57.954102608147615        15.012685415182247        143.86300847355980        28.478191186880945     
   57.987629812665602        15.027641342958715        144.00886059693565        28.511381011225229     
   58.021750667170352        15.042565029168985        144.15441700119558        28.544301202896225     
   58.050295299479302        15.056346817573148        144.29695749140558        28.574698224434655     
   58.079521508030631        15.070228012582138        144.43875235801630        28.605059974941557     
   58.109383541488782        15.084109303543672        144.57999809131317        28.635334523174631     
   58.139823698833077        15.098032850668226        144.72067419805117        28.665556246238129     
   58.170801591489472        15.111988305275283        144.86082526545161        28.695734349032612     
   58.202256940557511        15.125983183194254        145.00047279915518        28.725901163581380     
   58.234144702425077        15.140025862246041        145.13961800366994        28.756088722690990     
   58.266416191517287        15.154121827271252        145.27827224937826        28.786330805640411     
   58.299024421512144        15.168278748005863        145.41643725914321        28.816664016788419     
   58.331929614892424        15.182501027762452        145.55411941043184        28.847118978543154     
   58.365079936986156        15.196793890029479        145.69132652997556        28.877733017897938     
   58.398434405534509        15.211159215042585        145.82806717228331        28.908533732914488     
   58.425724193323880        15.224463505206433        145.96156137429722        28.937237084804835     
   58.453097396318604        15.237832760882400        146.09447927146383        28.966339263298217     
   58.481055767966332        15.251607152712706        146.22598537471899        28.995905312494756     
   58.509128964614099        15.265238772790733        146.35726666782782        29.025709730282120     
   58.537513004286041        15.279096963121429        146.48760221927787        29.055923139740411     
   58.566074196310140        15.292937863539276        146.61751836386185        29.086384594132952     
   58.594836905778223        15.306887708935530        146.74683374163678        29.117153434828072     
   58.623766822991350        15.320869628658667        146.87571375513397        29.148149503127982     
   58.652868304059204        15.334909614774977        147.00416029608783        29.179361777514060     
   58.682121865869298        15.348981104891246        147.13223983998836        29.210743596054197     
   58.711547197934145        15.363082346025598        147.25998432549198        29.242257381462480     
   58.741135445684570        15.377200949524857        147.38746554107573        29.273860044467344     
   58.764577241831219        15.390182193505558        147.51185033824541        29.303171657106390     
   58.788409383348267        15.403269495389255        147.63551709245843        29.332696118416685     
   58.812659189927125        15.416365744351566        147.75867927197598        29.362309665034878     
   58.837343226656934        15.429489068348083        147.88129682483623        29.391987869131075     
   58.862485903131564        15.442613081566936        148.00348001104908        29.421664876138170     
   58.888113103300924        15.455727616605078        148.12520656241185        29.451306293302761     
   58.914241493979993        15.468825068120317        148.24652982938883        29.480875439755522     
   58.940887571028185        15.481896069370304        148.36744672289174        29.510349016311523     
   58.968082323323777        15.494939899206866        148.48797472345515        29.539703192872047     
   58.995829415919935        15.507949841154870        148.60810429899965        29.568929205147167     
   59.024150082460316        15.520926884823197        148.72783420182591        29.598016540614893     
   59.053054984925005        15.533867615480723        148.84715180167959        29.626966409472885     
   59.076126543406659        15.545614936728974        148.96314871575558        29.653405724173158     
   59.099975966577745        15.557437320973289        149.07821371989661        29.679925572805939     
   59.124630682881808        15.569255004421544        149.19247565189409        29.706439730442050     
   59.150057791473941        15.581093568466464        149.30590674477719        29.732979548264186     
   59.176283513471724        15.592942525414673        149.41857925802611        29.759511070004784     
   59.203251653519715        15.604801388780730        149.53043860017519        29.786057831193009     
   59.230987455452741        15.616677907433234        149.64154551554097        29.812603775760547     
   59.259444858441896        15.628573719822676        149.75187722365570        29.839166307550958     
   59.288610466627475        15.640494494884470        149.86148051378012        29.865748031716411     
   59.318672172582453        15.652568794282496        149.96990794471816        29.892380309257859     
   59.349085901517505        15.664348665369419        150.07844376818420        29.918933901531378     
   59.380218342702101        15.676439669528484        150.18576934546624        29.945621958412048     
   59.405252291388479        15.687216264414788        150.28996999435168        29.969839016719334     
   59.430744631075711        15.698161648826067        150.39333040782512        29.994295522810855     
   59.457006536864235        15.709358212313944        150.49545102055325        30.018913123253061     
   59.483550622956436        15.720440922297650        150.59741868628538        30.043546534067673     
   59.510496876954505        15.731655205374825        150.69876054547015        30.068255640354682     
   59.537794001987322        15.742939620152519        150.79967896055868        30.092955236825897     
   59.564985267705900        15.753954303708849        150.90113821418620        30.117518957482631     
   59.592306303573153        15.765209590661584        151.00218055369422        30.142115175236590     
   59.619484433212818        15.776309999558267        151.10369217667383        30.166550641166182     
   59.646556479088709        15.787496067306801        151.20527906269058        30.190921850201885     
   59.673406456777691        15.798613005603013        151.30730226970826        30.215152046921155     
   59.700027339330589        15.809733153183718        151.40966603790818        30.239269019779393     
   59.719766943932996        15.819613832899579        151.50952003428429        30.260822990408499     
   59.739417636174217        15.829604216728638        151.60924374785253        30.282467276799316     
   59.758979035794788        15.839573322082401        151.70907524230509        30.304122380997661     
   59.778458357476978        15.849569435698310        151.80892868412397        30.325806031844539     
   59.797881154769293        15.859568271216734        151.90882866773973        30.347499101339995     
   59.817276242434417        15.869573709956756        152.00873609636250        30.369202782843711     
   59.836689450921952        15.879587524317738        152.10860799239924        30.390918241475251     
   59.856156722204020        15.889610718835794        152.20837452043943        30.412673006538210     
   59.875741064670002        15.899650227799963        152.30797906936914        30.434452922874328     
   59.895495199174320        15.909707907727961        152.40735632938453        30.456279642639046     
   59.915470124819990        15.919788957278040        152.50643246708577        30.478157621503659     
   59.935723706537608        15.929895229473164        152.60515009222635        30.500088586291678     
   59.949623593889115        15.938815647641714        152.70047026795044        30.519618606399476     
   59.964077030440670        15.947900502247395        152.79479339491294        30.539420235329974     
   59.979124303279825        15.957020227134523        152.88831593538069        30.559397218891245     
   59.994771390773316        15.966220269431897        152.98098240795082        30.579554317805052     
   60.011040746842809        15.975467630887779        153.07285670637000        30.599829311167188     
   60.027921782766583        15.984757760645854        153.16397588662534        30.620209371357330     
   60.045405801508380        15.994084269977932        153.25438480554052        30.640660146242819     
   60.063472820891064        16.003437915866623        153.34414740608389        30.661152693765349     
   60.082106770868634        16.012810346334518        153.43330018040814        30.681671936261012     
   60.101274417563786        16.022196534337265        153.52190009346336        30.702185992572261     
   60.120961028862936        16.031589465671868        153.60999476314848        30.722685299620380     
   60.141138134495641        16.040985045238852        153.69761703787410        30.743152667663754     
   60.155055835533318        16.049156352312430        153.78179199697965        30.761089363625370     
   60.169611488970062        16.057462251504145        153.86498361170044        30.779214405859655     
   60.184818069841356        16.065774957832712        153.94744431150266        30.797414726287613     
   60.200649129886756        16.074142784689492        154.02913567284222        30.815711766831075     
   60.217096379524378        16.082536157559591        154.11011515404095        30.834070475610140     
   60.234137001214826        16.090962512789101        154.19041859718305        30.852485406894822     
   60.251761651614991        16.099416012329868        154.27005507416956        30.870951347940455     
   60.269949051026614        16.107900270241966        154.34905193958238        30.889466243318413     
   60.288684182686502        16.116417217001501        154.42742144424093        30.908028508750032     
   60.307946838166643        16.124967173933918        154.50518121870863        30.926641675364639     
   60.327715703675729        16.133553990354059        154.58234254972271        30.945304373754517     
   60.347806857629074        16.142094524790970        154.65921679028614        30.964026722468244     
   60.361776968483881        16.149657711392596        154.73194075334061        30.980333284527443     
   60.376271545303766        16.157214374134909        154.80395089280037        30.996860151214097     
   60.391451584722262        16.164925828466341        154.87486803022614        31.013623011041634     
   60.407191517957848        16.172668812415459        154.94504196108565        31.030550199275801     
   60.423507045050627        16.180511993100303        155.01435517740217        31.047656337404156     
   60.440337782853710        16.188407654083285        155.08296660509100        31.064899066084884     
   60.457660684383214        16.196375525271286        155.15087608404102        31.082277788819912     
   60.475431775015920        16.204401146066427        155.21816652599261        31.099770477155250     
   60.493617038034508        16.212486862318826        155.28487767889445        31.117367312383674     
   60.512177332970339        16.220626645801744        155.35107038095634        31.135053673009146     
   60.531076268561435        16.228817261339834        155.41679575259130        31.152817735414967     
   60.550275171990833        16.237053524935735        155.48211114221832        31.170646245184304     
   60.562887866171756        16.244095396609175        155.54400459261035        31.185991635085610     
   60.575908292701378        16.251288328345534        155.60502581304510        31.201607034623265     
   60.589320939888495        16.258536932232250        155.66546886542125        31.217373720199312     
   60.603073016628002        16.265860558037641        155.72533949590650        31.233287768301665     
   60.617132483731226        16.273232313679998        155.78476121059205        31.249299918837949     
   60.631452930903009        16.280641258921481        155.84379966403324        31.265382322294087     
   60.645998323990483        16.288081023374087        155.90255334968685        31.281509219451138     
   60.660732359856681        16.295537452120936        155.96107606298386        31.297658331855580     
   60.675622260283518        16.303007782258636        156.01943046306212        31.313807829365260     
   60.690641689813177        16.310483048328940        156.07766548991748        31.329940988507868     
   60.705768606656974        16.317958180994317        156.13582360828150        31.346044152637784     
   60.720988059150969        16.325427143385369        156.19393688328685        31.362106153761943     
   60.729391050464983        16.331642644432616        156.24894091633641        31.375566156235070     
   60.738058736671988        16.337959812305236        156.30337611913009        31.389211919553297     
   60.747103442681734        16.344348901746635        156.35720186946517        31.402889411306077     
   60.756273815593325        16.350607906154483        156.41112264572553        31.416655416177154     
   60.765776983949984        16.357012817285831        156.46440869202627        31.430483749720615     
   60.775504340307926        16.363346842662711        156.51758485686125        31.444311369544415     
   60.785518868540258        16.369736484338951        156.57037233223633        31.458169752046945     
   60.795784962092114        16.376099462568838        156.62295227319206        31.472012378347426     
   60.806318045371235        16.382474637638690        156.67525269560915        31.485849331112355     
   60.817104569481096        16.388838914077166        156.72733592703869        31.499663214932504     
   60.828148354594646        16.395196773892103        156.77919228620777        31.513453479696548     
   60.839330169866010        16.401491648046207        156.83110895111423        31.527223378487800     
   60.843935547669588        16.406660642492238        156.87925685211007        31.538398476943136     
   60.848887611638595        16.411830051168359        156.92699227488006        31.549725405487887     
   60.854283493998899        16.417063670904671        156.97406430204785        31.561155600440600     
   60.860030036479614        16.422286910286129        157.02075828051039        31.572652302358950     
   60.866139388660052        16.427540128062116        157.06700868168397        31.584193444265157     
   60.872559687694860        16.432784762610670        157.11294706131375        31.595750206304519     
   60.879268988216864        16.438034543534268        157.15858047558427        31.607308841313831     
   60.886230165068689        16.443275099673873        157.20399471013891        31.618851531723408     
   60.893414941109420        16.448508861697974        157.24921582935525        31.630368819669872     
   60.900793343359190        16.453730407906203        157.29429272914660        31.641849677047414     
   60.908340834664763        16.458938833308228        157.33925139262536        31.653288396800630     
   60.916035718168331        16.464132930893673        157.38412698440391        31.664678875428770     
   60.916102247885071        16.468013305617042        157.42664189904477        31.673600740583577     
   60.917741830921997        16.472152689654955        157.46704874393583        31.682479608967689     
   60.919021481161444        16.476154993359085        157.50797569046557        31.691559429024540     
   60.920931265904272        16.480275743348258        157.54795818853319        31.700691294374430     
   60.922960648338481        16.484373234080852        157.58784614362233        31.709916855595033     
   60.926055305848294        16.488544345614436        157.62647202990323        31.719042059828134     
   60.928297991999600        16.492580251487059        157.66609937564871        31.728423414632619     
   60.931378804252041        16.496798302525651        157.70458138195471        31.737810047074902     
   60.934478144355602        16.500937257555304        157.74313242662592        31.747241840136319     
   60.937985928355104        16.505169251328564        157.78110149681248        31.756734432366581     
   60.941706474525020        16.509394609007774        157.81882765984545        31.766261414088575     
   60.945730779671351        16.513665006205343        157.85615406305399        31.775839979276743     
   60.943020589180485        16.516691880077804        157.89002720528308        31.782872346873422     
   60.940750035340834        16.519871559210166        157.92297106231527        31.790179779340363     
   60.938937982297311        16.523100809775013        157.95525166334960        31.797653417915932     
   60.937574728670512        16.526409914600993        157.98683884243849        31.805305780952910     
   60.936638255749450        16.529773173220477        158.01779336479953        31.813087255975503     
   60.936119030782024        16.533186275420821        158.04818929164011        31.820987865675516     
   60.935989136972502        16.536643836549370        158.07804505400725        31.828981134961865     
   60.936231749550984        16.540139336429053        158.10741944438487        31.837051904777748     
   60.936824358926927        16.543670176719829        158.13634317229315        31.845184741091000     
   60.937749647110586        16.547231412550282        158.16485870147585        31.853367402434341     
   60.938985277999492        16.550819431470863        158.19299518710702        31.861586740038529     
   60.940517968571577        16.554430729865256        158.22079493567429        31.869834724527873     
   60.935332302523321        16.556801093301829        158.24512217873439        31.875519485055552     
   60.930558427074843        16.559299596521083        158.26856292575178        31.881436622609858     
   60.926253158487263        16.561840553863711        158.29143443791929        31.887497431891418     
   60.922358886415189        16.564447643847132        158.31361981619330        31.893695944695395     
   60.918892120641047        16.567091014553757        158.33529082132986        31.899991837408425     
   60.915805679785720        16.569771370463926        158.35644394422127        31.906369676526957     
   60.913096581047903        16.572478701969906        158.37714321465387        31.912807854606598     
   60.910730185096121        16.575209495332416        158.39742015197177        31.919291235088821     
   60.908706864222985        16.577961118632786        158.41731437680093        31.925805950901825     
   60.906977827232105        16.580725742741848        158.43686041107119        31.932343033621517     
   60.905545657065076        16.583505523833615        158.45608785380222        31.938892513138502     
   60.904386152196437        16.586288621189215        158.47500366899595        31.945447592726303     
   60.896542952643543        16.587826682754436        158.49051289611162        31.949422103351363     
   60.888987137240726        16.589482999110484        158.50521005684701        31.953584621144348     
   60.881985609596406        16.591163709815376        158.51932142681645        31.957900643802290     
   60.875337067024276        16.592912189387857        158.53280558429719        31.962327816498359     
   60.869126160485180        16.594684346314246        158.54578894420172        31.966850328457109     
   60.863275466606815        16.596490089462165        158.55827871251523        31.971441552361249     
   60.857793257277990        16.598317628266642        158.57033673874648        31.976089035639745     
   60.852642590093005        16.600166103613159        158.58199265494878        31.980777785886250     
   60.847811519981704        16.602032017267451        158.59328523514426        31.985497855635366     
   60.843270568208446        16.603911988657277        158.60424709396108        31.990238555332510     
   60.839009390064447        16.605803427811949        158.61491235188430        31.994993519934837     
   60.834993837901663        16.607707584681894        158.62529897047193        31.999746205015327     
   60.823776090954624        16.608397421584186        158.63229873100531        32.002026206737732     
   60.813464329946747        16.609119807094697        158.63842360864325        32.004289903493074     
   60.803549473377799        16.609938155821968        158.64426044470440        32.006873097299099     
   60.793898009314063        16.610782340044381        158.64914661589270        32.009488277216320     
   60.784641759244252        16.611677288819845        158.65386088784462        32.012198645436868     
   60.775686112859177        16.612589673976501        158.65800451249805        32.014984663236028     
   60.767037754185132        16.613527881330096        158.66184761293965        32.017824672455774     
   60.758654698485131        16.614480363309557        158.66533006390841        32.020700903123995     
   60.750518530625314        16.615447085219792        158.66854438138785        32.023602539556215     
   60.742603525026581        16.616423442263720        158.67150665828643        32.026516197800767     
   60.734888631396089        16.617407271528954        158.67426311527007        32.029433062238816     
   60.727725744052151        16.618351707073998        158.67681651896271        32.032157195341014     
   60.712918404785881        16.618074783217274        158.67596038882036        32.032547089908093     
   60.698922933063479        16.617949426260747        158.67457219629117        32.033092507434439     
   60.685112280777346        16.617794699237894        158.67267544274756        32.033745341648256     
   60.671665212805188        16.617716692385859        158.67032476415261        32.034507445516169     
   60.658480836895876        16.617651112160363        158.66757675602264        32.035340839466556     
   60.645573763966510        16.617613207593454        158.66449064396065        32.036230930632613     
   60.632909788801257        16.617588111719183        158.66109739818927        32.037158469222980     
   60.620507859917524        16.617563747416476        158.65740082841876        32.038109050240628     
