          31
   0.0000000000000000        0.0000000000000000        0.0000000000000000        0.0000000000000000     
   97.494430070926754        18.130900135816660        43.810015583331044        36.488381156875931     
   93.662499695516019        16.241413381874651        52.675129829519136        33.706164755875768     
   89.877167185492027        16.512339259814588        57.824733064466422        32.434343425911834     
   86.562386119676290        15.764471534678041        63.928437476830013        30.754668705439251     
   83.503739803120524        15.498607811254134        68.785259055983872        29.585575051984282     
   80.680694101444175        15.128448016730220        73.419919858912593        28.506154113059967     
   78.074512891020987        14.811107895293972        77.606702353330647        27.606777665833427     
   75.664076200620542        14.536203109244264        81.421934700036374        26.837397414202606     
   73.432006546098677        14.267338233202249        84.947507600551447        26.175902593676881     
   71.366193758972372        14.034712074629946        88.172974220611536        25.611361308898061     
   69.454658434293705        13.814383491469789        91.154367487426882        25.124379877109288     
   67.687640626383399        13.617843822904449        93.898962930364235        24.705712851419651     
   66.051440564345341        13.436330134940242        96.434235599073006        24.342115271064571     
   64.542136300502918        13.272753406794456        98.775769348515212        24.027380997098660     
   63.151874232443234        13.124136588024793        100.94183915544468        23.754078641322852     
   61.873787475120480        12.989795757528158        102.94555952317384        23.516149769015151     
   60.701810104269519        12.868381701097588        104.80099017723643        23.308431220391849     
   59.629865585480289        12.758475500056408        106.51856721184379        23.126549432232569     
   58.652421659468224        12.659061789460811        108.10883761278748        22.966803179530444     
   57.764485008104664        12.568847652927110        109.58173075416467        22.826139156927347     
   56.960724791190039        12.487149301884772        110.94515336111706        22.702036640470784     
   56.236254643103166        12.413074034206421        112.20729340169785        22.592409619291811     
   55.585968685828782        12.346048642310080        113.37530992111947        22.495620622464894     
   55.004800126756834        12.285530826802011        114.45618651875972        22.410378280124249     
   54.483210760869291        12.230308808135666        115.45442114969823        22.334045552289087     
   54.020712825995226        12.180942485753175        116.37781936343963        22.267622067335989     
   53.612302453078378        12.137062451645551        117.23238514687986        22.210435200520987     
   53.253193014682552        12.098467164139565        118.02363125106636        22.161994628626402     
   52.938828667369933        12.064917800814156        118.75679270189171        22.121837926721319     
   52.664991886383177        12.036205096958911        119.43673759543564        22.089538735645124     
