          11
   0.0000000000000000        0.0000000000000000        0.0000000000000000        0.0000000000000000     
   97.494430070926754        18.130900135816660        43.810015583331044        36.488381156875931     
   93.662499695516019        16.241413381874651        52.675129829519136        33.706164755875768     
   89.877167185492027        16.512339259814588        57.824733064466422        32.434343425911834     
   86.562386119676290        15.764471534678041        63.928437476830013        30.754668705439251     
   83.503739803120524        15.498607811254134        68.785259055983872        29.585575051984282     
   80.680694101444175        15.128448016730220        73.419919858912593        28.506154113059967     
   78.074512891020987        14.811107895293972        77.606702353330647        27.606777665833427     
   75.664076200620542        14.536203109244264        81.421934700036374        26.837397414202606     
   73.432006546098677        14.267338233202249        84.947507600551447        26.175902593676881     
   71.366193758972372        14.034712074629946        88.172974220611536        25.611361308898061     
