         691
   0.0000000000000000        0.0000000000000000        0.0000000000000000        0.0000000000000000     
   97.494430070926754        18.130900135816660        43.810015583331044        36.488381156875931     
   93.662499695516019        16.241413381874651        52.675129829519136        33.706164755875768     
   89.877167185492027        16.512339259814588        57.824733064466422        32.434343425911834     
   86.562386119676290        15.764471534678041        63.928437476830013        30.754668705439251     
   83.503739803120524        15.498607811254134        68.785259055983872        29.585575051984282     
   80.680694101444175        15.128448016730220        73.419919858912593        28.506154113059967     
   78.074512891020987        14.811107895293972        77.606702353330647        27.606777665833427     
   75.664076200620542        14.536203109244264        81.421934700036374        26.837397414202606     
   73.432006546098677        14.267338233202249        84.947507600551447        26.175902593676881     
   71.366193758972372        14.034712074629946        88.172974220611536        25.611361308898061     
   69.454658434293705        13.814383491469789        91.154367487426882        25.124379877109288     
   67.687640626383399        13.617843822904449        93.898962930364235        24.705712851419651     
   66.051440564345341        13.436330134940242        96.434235599073006        24.342115271064571     
   64.542136300502918        13.272753406794456        98.775769348515212        24.027380997098660     
   63.151874232443234        13.124136588024793        100.94183915544468        23.754078641322852     
   61.873787475120480        12.989795757528158        102.94555952317384        23.516149769015151     
   60.701810104269519        12.868381701097588        104.80099017723643        23.308431220391849     
   59.629865585480289        12.758475500056408        106.51856721184379        23.126549432232569     
   58.652421659468224        12.659061789460811        108.10883761278748        22.966803179530444     
   57.764485008104664        12.568847652927110        109.58173075416467        22.826139156927347     
   56.960724791190039        12.487149301884772        110.94515336111706        22.702036640470784     
   56.236254643103166        12.413074034206421        112.20729340169785        22.592409619291811     
   55.585968685828782        12.346048642310080        113.37530992111947        22.495620622464894     
   55.004800126756834        12.285530826802011        114.45618651875972        22.410378280124249     
   54.483210760869291        12.230308808135666        115.45442114969823        22.334045552289087     
   54.020712825995226        12.180942485753175        116.37781936343963        22.267622067335989     
   53.612302453078378        12.137062451645551        117.23238514687986        22.210435200520987     
   53.253193014682552        12.098467164139565        118.02363125106636        22.161994628626402     
   52.938828667369933        12.064917800814156        118.75679270189171        22.121837926721319     
   52.664991886383177        12.036205096958911        119.43673759543564        22.089538735645124     
   52.427815392029451        12.012116125006351        120.06797152487374        22.064666074221975     
   52.223833685914272        11.992418926497376        120.65464469863855        22.046765840302534     
   52.049983935114575        11.976881476627431        121.20052744304456        22.035365312410551     
   51.903608565586566        11.965243185247479        121.70905458901260        22.029949908846920     
   51.782434570433104        11.957263355697714        122.18326782116677        22.029983522507354     
   51.684573132659089        11.952657895923821        122.62591887394389        22.034897625019667     
   51.603891638495462        11.950325965700724        123.03734372823945        22.042398597378853     
   51.543896860828532        11.950927039683721        123.42131475272868        22.053736124421064     
   51.503495034182983        11.954004914609323        123.78005014465583        22.068231318332085     
   51.482274896137085        11.959723075335432        124.11434642759374        22.085353596285813     
   51.479417124968478        11.967340823531062        124.42645838425186        22.104395890703220     
   51.494589363838067        11.977041520484280        124.71690500510137        22.124982798115827     
   51.527448085689628        11.988340935049003        124.98717466355528        22.146470758178850     
   51.577794484462196        12.001254972956959        125.23780006937179        22.168499191780089     
   51.645402185461847        12.015517693769098        125.46973746567031        22.190604701233660     
   51.730000549015458        12.031055805851265        125.68360662389372        22.212512563787460     
   51.831232530862685        12.047711861124185        125.88016861931963        22.233976747301103     
   51.948622886953459        12.065373874949717        126.06013281009784        22.254876761631124     
   52.076748363717577        12.083055068495849        126.22220079297722        22.273411329602947     
   52.219414475672011        12.101744800755407        126.36898721845913        22.291671068215141     
   52.374924603693380        12.121425099311288        126.50196927917884        22.309901600438295     
   52.540626038248526        12.142508398628001        126.62266713043618        22.328822471761910     
   52.712964349998842        12.165590373163973        126.73320175785915        22.349268974796491     
   52.887719222208723        12.191500091205585        126.83593163600310        22.372279616122274     
   53.060775757822732        12.221096973241421        126.93323856060219        22.398726923547866     
   53.228678100067860        12.254932854643780        127.02740655877668        22.429226144979033     
   53.388911920939627        12.293300550891701        127.12028195270133        22.464156174356951     
   53.540012837682028        12.335923589103068        127.21351506820251        22.503601298823916     
   53.681500185423204        12.381989692852517        127.30839844859918        22.547568633544142     
   53.813552248892620        12.430172647777843        127.40610174246565        22.596031337931368     
   53.931773724379106        12.478041278759974        127.50544729169150        22.647161127846474     
   54.041841297524172        12.525158827335156        127.60908543655133        22.702904999991098     
   54.144417657085896        12.570351731534029        127.71774752152774        22.763041841678213     
   54.240031197437844        12.613106216689431        127.83168699595316        22.827303457767911     
   54.329077795387590        12.653390250741017        127.95093491454848        22.895293937387251     
   54.411806621028688        12.691620333911303        128.07526841366132        22.966570352046908     
   54.488268908611353        12.728409599426589        128.20447747835865        23.040724493452341     
   54.558849933178621        12.764538094116178        128.33768604223749        23.117342599191087     
   54.623522939308977        12.800563402865260        128.47474663596327        23.196157460209690     
   54.682691585419313        12.837040100461262        128.61492326239497        23.276892195301222     
   54.736738492552831        12.874268446812714        128.75777576315849        23.359330996284964     
   54.786255569986608        12.912392591462014        128.90276244689150        23.443266443882216     
   54.826828753754071        12.950436826391968        129.04721530380397        23.526619421606526     
   54.864402675684666        12.989243014542710        129.19265786637240        23.611214194130167     
   54.899741965220571        13.028444119204666        129.33903291667286        23.696718723176279     
   54.933605507577290        13.067779680884698        129.48618553637587        23.782785017693620     
   54.966785225762166        13.106997009895121        129.63403304622537        23.868961785661270     
   54.999660982015591        13.145755500679842        129.78300398102297        23.954777784532791     
   55.033017653869642        13.184006196552446        129.93302612603523        24.039570185030115     
   55.067212623202266        13.221592631995700        130.08453416443427        24.122701915516345     
   55.102679183899795        13.258506220617953        130.23780220490954        24.203475992896518     
   55.139648926554749        13.294723224597341        130.39324021561507        24.281272494830155     
   55.178248758677057        13.330256537052765        130.55117814770389        24.355622537855087     
   55.218423732368741        13.365107963470525        130.71188648005594        24.426308119654930     
   55.254613021251515        13.398279696656271        130.87325170368888        24.491518201732614     
   55.292025430036375        13.430892016669656        131.03694645991573        24.553785564021627     
   55.329978821659665        13.462746363659937        131.20315107955750        24.613772831965854     
   55.367808085764779        13.493794523133802        131.37167328177983        24.672331840974451     
   55.405116257023401        13.524038452321317        131.54206391313585        24.730367675396749     
   55.441413399440584        13.553415724398340        131.71404139302032        24.788684959017502     
   55.476446659114913        13.581930688345604        131.88720869621514        24.847943897572414     
   55.510065248030415        13.609575258211841        132.06125982233772        24.908600637101507     
   55.542307945138703        13.636377691629598        132.23589279332066        24.970895708461793     
   55.573300445383097        13.662364674129519        132.41086964287737        25.034911628058744     
   55.603256756075403        13.687574964456630        132.58599849047968        25.100588122684343     
   55.632454703057356        13.712052877428935        132.76113885423692        25.167743077165042     
   55.655822934057596        13.734866969161805        132.93377802170886        25.234154228141321     
   55.679217562263787        13.757156128935653        133.10579240374358        25.301687624934868     
   55.702955627816124        13.778877216920394        133.27730554443846        25.369946624536677     
   55.727343625734456        13.800125627629301        133.44823233570287        25.438615403005596     
   55.752657364781555        13.820944575858688        133.61858405514681        25.507361275987741     
   55.779132090807380        13.841397776894803        133.78835863898419        25.575889765660410     
   55.806941777350623        13.861546999508695        133.95756347337453        25.643957208042472     
   55.836196808484665        13.881451102331578        134.12623121686121        25.711361037291759     
   55.866934649523621        13.901169733256991        134.29441367152776        25.777953853019167     
   55.899136864043363        13.920759416195649        134.46218645785086        25.843620609437668     
   55.932732369157542        13.940276353584631        134.62964093394191        25.908284715701868     
   55.967623732621121        13.959775330507810        134.79689115393739        25.971875948930023     
   55.998189832949706        13.978305091214239        134.96159946062153        26.032279370661485     
   56.029993407961840        13.997030517129947        135.12592503539238        26.091633843872032     
   56.062926226435849        14.015899500984119        135.29019245275140        26.149772632466266     
   56.096873855239537        14.034988517098961        135.45451064953625        26.206626311372425     
   56.131729057663151        14.054313656243103        135.61904174534217        26.262123214639182     
   56.167379348593919        14.073896304331267        135.78389152596753        26.316248626039034     
   56.203713370357903        14.093749863512141        135.94911875401360        26.369041743264834     
   56.240620097036349        14.113873737848305        136.11474558236887        26.420592827570292     
   56.277993637052482        14.134260597285168        136.28074784952875        26.471038570446346     
   56.315737380303680        14.154891200852179        136.44707909554492        26.520539300931109     
   56.353769004439833        14.175741056774527        136.61368280268067        26.569263650966452     
   56.392023321622169        14.196775767903612        136.78048830728437        26.617377145615158     
   56.424809280150122        14.216927295804783        136.94491059114807        26.662933511264285     
   56.457918064026181        14.237293255492277        137.10895923806888        26.708324851914195     
   56.490962947220055        14.257535325902492        137.27331705772252        26.753564439748132     
   56.524858411611575        14.278291092016037        137.43629530173826        26.798844311769134     
   56.559188994625217        14.298920959820734        137.59920560844520        26.843943235873933     
   56.593533639391637        14.319167525094759        137.76250584023907        26.888940541994568     
   56.628192068882854        14.339440207312490        137.92535978561310        26.934026430869370     
   56.663769744465370        14.359902610726980        138.08712880342068        26.979139802387575     
   56.699737561115640        14.380035445528121        138.24893135144606        27.024157568517346     
   56.736862504817346        14.400386093096897        138.40934075217820        27.069247710061003     
   56.774178498350494        14.420006219169439        138.57043503964931        27.114103446639390     
   56.812248645765763        14.439751673515223        138.73053605753555        27.159063083077903     
   56.845640962361287        14.458579254102089        138.88691333109583        27.201850784569974     
   56.879862288269948        14.477180151138704        139.04267050298890        27.244631429189454     
   56.915142243738231        14.495824244359410        139.19730099251140        27.287450138886086     
   56.951262090924537        14.514334743031066        139.35128431942172        27.330193681945136     
   56.988249486664280        14.532815018127927        139.50452972537155        27.372851863688346     
   57.025927112086912        14.551215411755834        139.65729776287930        27.415373235030167     
   57.064205819836026        14.569561176729490        139.80968652393005        27.457731595671120     
   57.102958284646178        14.587845121665316        139.96184451521523        27.499899192819225     
   57.142462780095784        14.606287452374186        140.11324149259667        27.541922788617715     
   57.181607738051383        14.624157415775024        140.26591880087156        27.583592059782614     
   57.221123923104578        14.642393630086600        140.41788706949819        27.625233528682809     
   57.260434976022552        14.660334166205544        140.57066054561244        27.666572933580095     
   57.293816240607875        14.677291655079291        140.72083008209765        27.705624210830237     
   57.327125993970512        14.694232443724299        140.87109145263591        27.744674009433652     
   57.360385780489459        14.711153365114926        141.02144580400886        27.783700806966735     
   57.393511048475226        14.728034456927006        141.17200210220224        27.822699229456170     
   57.426509724912542        14.744874661819662        141.32276364560576        27.861661037580078     
   57.459369124768756        14.761661193508694        141.47376877193966        27.900571467580026     
   57.492113556949917        14.778393093050630        141.62501116319086        27.939414018527859     
   57.524731209692980        14.795036928483995        141.77655697856514        27.978151849435374     
   57.557372364262413        14.811664758638672        141.92822738094529        28.016784653992325     
   57.590001554524171        14.828202496074232        142.08014934421649        28.055254888114575     
   57.622732344839257        14.844687411024536        142.23221317712355        28.093540670314628     
   57.655611237304385        14.861099165753821        142.38442273937406        28.131602285219731     
   57.682704417253042        14.876352339500459        142.53401725892149        28.167187104294243     
   57.710285903104555        14.891655958922838        142.68315850218491        28.202686246869671     
   57.738422243442045        14.906905450801945        142.83198756394398        28.237996566199705     
   57.767169699612715        14.922135007371075        142.98042934091012        28.273103223875772     
   57.796572925326466        14.937327440011606        143.12848571662585        28.307972330237241     
   57.826674423834277        14.952479482200117        143.27615428032607        28.342578024058291     
   57.857484899649592        14.967592123907933        143.42342906004785        28.376909010226388     
   57.888999820331875        14.982662913961821        143.57031653207957        28.410959149442643     
   57.921215592337852        14.997693635302630        143.71683569595970        28.444718649469781     
   57.954102608147615        15.012685415182247        143.86300847355980        28.478191186880945     
   57.987629812665602        15.027641342958715        144.00886059693565        28.511381011225229     
   58.021750667170352        15.042565029168985        144.15441700119558        28.544301202896225     
   58.050295299479302        15.056346817573148        144.29695749140558        28.574698224434655     
   58.079521508030631        15.070228012582138        144.43875235801630        28.605059974941557     
   58.109383541488782        15.084109303543672        144.57999809131317        28.635334523174631     
   58.139823698833077        15.098032850668226        144.72067419805117        28.665556246238129     
   58.170801591489472        15.111988305275283        144.86082526545161        28.695734349032612     
   58.202256940557511        15.125983183194254        145.00047279915518        28.725901163581380     
   58.234144702425077        15.140025862246041        145.13961800366994        28.756088722690990     
   58.266416191517287        15.154121827271252        145.27827224937826        28.786330805640411     
   58.299024421512144        15.168278748005863        145.41643725914321        28.816664016788419     
   58.331929614892424        15.182501027762452        145.55411941043184        28.847118978543154     
   58.365079936986156        15.196793890029479        145.69132652997556        28.877733017897938     
   58.398434405534509        15.211159215042585        145.82806717228331        28.908533732914488     
   58.425724193323880        15.224463505206433        145.96156137429722        28.937237084804835     
   58.453097396318604        15.237832760882400        146.09447927146383        28.966339263298217     
   58.481055767966332        15.251607152712706        146.22598537471899        28.995905312494756     
   58.509128964614099        15.265238772790733        146.35726666782782        29.025709730282120     
   58.537513004286041        15.279096963121429        146.48760221927787        29.055923139740411     
   58.566074196310140        15.292937863539276        146.61751836386185        29.086384594132952     
   58.594836905778223        15.306887708935530        146.74683374163678        29.117153434828072     
   58.623766822991350        15.320869628658667        146.87571375513397        29.148149503127982     
   58.652868304059204        15.334909614774977        147.00416029608783        29.179361777514060     
   58.682121865869298        15.348981104891246        147.13223983998836        29.210743596054197     
   58.711547197934145        15.363082346025598        147.25998432549198        29.242257381462480     
   58.741135445684570        15.377200949524857        147.38746554107573        29.273860044467344     
   58.764577241831219        15.390182193505558        147.51185033824541        29.303171657106390     
   58.788409383348267        15.403269495389255        147.63551709245843        29.332696118416685     
   58.812659189927125        15.416365744351566        147.75867927197598        29.362309665034878     
   58.837343226656934        15.429489068348083        147.88129682483623        29.391987869131075     
   58.862485903131564        15.442613081566936        148.00348001104908        29.421664876138170     
   58.888113103300924        15.455727616605078        148.12520656241185        29.451306293302761     
   58.914241493979993        15.468825068120317        148.24652982938883        29.480875439755522     
   58.940887571028185        15.481896069370304        148.36744672289174        29.510349016311523     
   58.968082323323777        15.494939899206866        148.48797472345515        29.539703192872047     
   58.995829415919935        15.507949841154870        148.60810429899965        29.568929205147167     
   59.024150082460316        15.520926884823197        148.72783420182591        29.598016540614893     
   59.053054984925005        15.533867615480723        148.84715180167959        29.626966409472885     
   59.076126543406659        15.545614936728974        148.96314871575558        29.653405724173158     
   59.099975966577745        15.557437320973289        149.07821371989661        29.679925572805939     
   59.124630682881808        15.569255004421544        149.19247565189409        29.706439730442050     
   59.150057791473941        15.581093568466464        149.30590674477719        29.732979548264186     
   59.176283513471724        15.592942525414673        149.41857925802611        29.759511070004784     
   59.203251653519715        15.604801388780730        149.53043860017519        29.786057831193009     
   59.230987455452741        15.616677907433234        149.64154551554097        29.812603775760547     
   59.259444858441896        15.628573719822676        149.75187722365570        29.839166307550958     
   59.288610466627475        15.640494494884470        149.86148051378012        29.865748031716411     
   59.318672172582453        15.652568794282496        149.96990794471816        29.892380309257859     
   59.349085901517505        15.664348665369419        150.07844376818420        29.918933901531378     
   59.380218342702101        15.676439669528484        150.18576934546624        29.945621958412048     
   59.405252291388479        15.687216264414788        150.28996999435168        29.969839016719334     
   59.430744631075711        15.698161648826067        150.39333040782512        29.994295522810855     
   59.457006536864235        15.709358212313944        150.49545102055325        30.018913123253061     
   59.483550622956436        15.720440922297650        150.59741868628538        30.043546534067673     
   59.510496876954505        15.731655205374825        150.69876054547015        30.068255640354682     
   59.537794001987322        15.742939620152519        150.79967896055868        30.092955236825897     
   59.564985267705900        15.753954303708849        150.90113821418620        30.117518957482631     
   59.592306303573153        15.765209590661584        151.00218055369422        30.142115175236590     
   59.619484433212818        15.776309999558267        151.10369217667383        30.166550641166182     
   59.646556479088709        15.787496067306801        151.20527906269058        30.190921850201885     
   59.673406456777691        15.798613005603013        151.30730226970826        30.215152046921155     
   59.700027339330589        15.809733153183718        151.40966603790818        30.239269019779393     
   59.719766943932996        15.819613832899579        151.50952003428429        30.260822990408499     
   59.739417636174217        15.829604216728638        151.60924374785253        30.282467276799316     
   59.758979035794788        15.839573322082401        151.70907524230509        30.304122380997661     
   59.778458357476978        15.849569435698310        151.80892868412397        30.325806031844539     
   59.797881154769293        15.859568271216734        151.90882866773973        30.347499101339995     
   59.817276242434417        15.869573709956756        152.00873609636250        30.369202782843711     
   59.836689450921952        15.879587524317738        152.10860799239924        30.390918241475251     
   59.856156722204020        15.889610718835794        152.20837452043943        30.412673006538210     
   59.875741064670002        15.899650227799963        152.30797906936914        30.434452922874328     
   59.895495199174320        15.909707907727961        152.40735632938453        30.456279642639046     
   59.915470124819990        15.919788957278040        152.50643246708577        30.478157621503659     
   59.935723706537608        15.929895229473164        152.60515009222635        30.500088586291678     
   59.949623593889115        15.938815647641714        152.70047026795044        30.519618606399476     
   59.964077030440670        15.947900502247395        152.79479339491294        30.539420235329974     
   59.979124303279825        15.957020227134523        152.88831593538069        30.559397218891245     
   59.994771390773316        15.966220269431897        152.98098240795082        30.579554317805052     
   60.011040746842809        15.975467630887779        153.07285670637000        30.599829311167188     
   60.027921782766583        15.984757760645854        153.16397588662534        30.620209371357330     
   60.045405801508380        15.994084269977932        153.25438480554052        30.640660146242819     
   60.063472820891064        16.003437915866623        153.34414740608389        30.661152693765349     
   60.082106770868634        16.012810346334518        153.43330018040814        30.681671936261012     
   60.101274417563786        16.022196534337265        153.52190009346336        30.702185992572261     
   60.120961028862936        16.031589465671868        153.60999476314848        30.722685299620380     
   60.141138134495641        16.040985045238852        153.69761703787410        30.743152667663754     
   60.155055835533318        16.049156352312430        153.78179199697965        30.761089363625370     
   60.169611488970062        16.057462251504145        153.86498361170044        30.779214405859655     
   60.184818069841356        16.065774957832712        153.94744431150266        30.797414726287613     
   60.200649129886756        16.074142784689492        154.02913567284222        30.815711766831075     
   60.217096379524378        16.082536157559591        154.11011515404095        30.834070475610140     
   60.234137001214826        16.090962512789101        154.19041859718305        30.852485406894822     
   60.251761651614991        16.099416012329868        154.27005507416956        30.870951347940455     
   60.269949051026614        16.107900270241966        154.34905193958238        30.889466243318413     
   60.288684182686502        16.116417217001501        154.42742144424093        30.908028508750032     
   60.307946838166643        16.124967173933918        154.50518121870863        30.926641675364639     
   60.327715703675729        16.133553990354059        154.58234254972271        30.945304373754517     
   60.347806857629074        16.142094524790970        154.65921679028614        30.964026722468244     
   60.361776968483881        16.149657711392596        154.73194075334061        30.980333284527443     
   60.376271545303766        16.157214374134909        154.80395089280037        30.996860151214097     
   60.391451584722262        16.164925828466341        154.87486803022614        31.013623011041634     
   60.407191517957848        16.172668812415459        154.94504196108565        31.030550199275801     
   60.423507045050627        16.180511993100303        155.01435517740217        31.047656337404156     
   60.440337782853710        16.188407654083285        155.08296660509100        31.064899066084884     
   60.457660684383214        16.196375525271286        155.15087608404102        31.082277788819912     
   60.475431775015920        16.204401146066427        155.21816652599261        31.099770477155250     
   60.493617038034508        16.212486862318826        155.28487767889445        31.117367312383674     
   60.512177332970339        16.220626645801744        155.35107038095634        31.135053673009146     
   60.531076268561435        16.228817261339834        155.41679575259130        31.152817735414967     
   60.550275171990833        16.237053524935735        155.48211114221832        31.170646245184304     
   60.562887866171756        16.244095396609175        155.54400459261035        31.185991635085610     
   60.575908292701378        16.251288328345534        155.60502581304510        31.201607034623265     
   60.589320939888495        16.258536932232250        155.66546886542125        31.217373720199312     
   60.603073016628002        16.265860558037641        155.72533949590650        31.233287768301665     
   60.617132483731226        16.273232313679998        155.78476121059205        31.249299918837949     
   60.631452930903009        16.280641258921481        155.84379966403324        31.265382322294087     
   60.645998323990483        16.288081023374087        155.90255334968685        31.281509219451138     
   60.660732359856681        16.295537452120936        155.96107606298386        31.297658331855580     
   60.675622260283518        16.303007782258636        156.01943046306212        31.313807829365260     
   60.690641689813177        16.310483048328940        156.07766548991748        31.329940988507868     
   60.705768606656974        16.317958180994317        156.13582360828150        31.346044152637784     
   60.720988059150969        16.325427143385369        156.19393688328685        31.362106153761943     
   60.729391050464983        16.331642644432616        156.24894091633641        31.375566156235070     
   60.738058736671988        16.337959812305236        156.30337611913009        31.389211919553297     
   60.747103442681734        16.344348901746635        156.35720186946517        31.402889411306077     
   60.756273815593325        16.350607906154483        156.41112264572553        31.416655416177154     
   60.765776983949984        16.357012817285831        156.46440869202627        31.430483749720615     
   60.775504340307926        16.363346842662711        156.51758485686125        31.444311369544415     
   60.785518868540258        16.369736484338951        156.57037233223633        31.458169752046945     
   60.795784962092114        16.376099462568838        156.62295227319206        31.472012378347426     
   60.806318045371235        16.382474637638690        156.67525269560915        31.485849331112355     
   60.817104569481096        16.388838914077166        156.72733592703869        31.499663214932504     
   60.828148354594646        16.395196773892103        156.77919228620777        31.513453479696548     
   60.839330169866010        16.401491648046207        156.83110895111423        31.527223378487800     
   60.843935547669588        16.406660642492238        156.87925685211007        31.538398476943136     
   60.848887611638595        16.411830051168359        156.92699227488006        31.549725405487887     
   60.854283493998899        16.417063670904671        156.97406430204785        31.561155600440600     
   60.860030036479614        16.422286910286129        157.02075828051039        31.572652302358950     
   60.866139388660052        16.427540128062116        157.06700868168397        31.584193444265157     
   60.872559687694860        16.432784762610670        157.11294706131375        31.595750206304519     
   60.879268988216864        16.438034543534268        157.15858047558427        31.607308841313831     
   60.886230165068689        16.443275099673873        157.20399471013891        31.618851531723408     
   60.893414941109420        16.448508861697974        157.24921582935525        31.630368819669872     
   60.900793343359190        16.453730407906203        157.29429272914660        31.641849677047414     
   60.908340834664763        16.458938833308228        157.33925139262536        31.653288396800630     
   60.916035718168331        16.464132930893673        157.38412698440391        31.664678875428770     
   60.916102247885071        16.468013305617042        157.42664189904477        31.673600740583577     
   60.917741830921997        16.472152689654955        157.46704874393583        31.682479608967689     
   60.919021481161444        16.476154993359085        157.50797569046557        31.691559429024540     
   60.920931265904272        16.480275743348258        157.54795818853319        31.700691294374430     
   60.922960648338481        16.484373234080852        157.58784614362233        31.709916855595033     
   60.926055305848294        16.488544345614436        157.62647202990323        31.719042059828134     
   60.928297991999600        16.492580251487059        157.66609937564871        31.728423414632619     
   60.931378804252041        16.496798302525651        157.70458138195471        31.737810047074902     
   60.934478144355602        16.500937257555304        157.74313242662592        31.747241840136319     
   60.937985928355104        16.505169251328564        157.78110149681248        31.756734432366581     
   60.941706474525020        16.509394609007774        157.81882765984545        31.766261414088575     
   60.945730779671351        16.513665006205343        157.85615406305399        31.775839979276743     
   60.943020589180485        16.516691880077804        157.89002720528308        31.782872346873422     
   60.940750035340834        16.519871559210166        157.92297106231527        31.790179779340363     
   60.938937982297311        16.523100809775013        157.95525166334960        31.797653417915932     
   60.937574728670512        16.526409914600993        157.98683884243849        31.805305780952910     
   60.936638255749450        16.529773173220477        158.01779336479953        31.813087255975503     
   60.936119030782024        16.533186275420821        158.04818929164011        31.820987865675516     
   60.935989136972502        16.536643836549370        158.07804505400725        31.828981134961865     
   60.936231749550984        16.540139336429053        158.10741944438487        31.837051904777748     
   60.936824358926927        16.543670176719829        158.13634317229315        31.845184741091000     
   60.937749647110586        16.547231412550282        158.16485870147585        31.853367402434341     
   60.938985277999492        16.550819431470863        158.19299518710702        31.861586740038529     
   60.940517968571577        16.554430729865256        158.22079493567429        31.869834724527873     
   60.935332302523321        16.556801093301829        158.24512217873439        31.875519485055552     
   60.930558427074843        16.559299596521083        158.26856292575178        31.881436622609858     
   60.926253158487263        16.561840553863711        158.29143443791929        31.887497431891418     
   60.922358886415189        16.564447643847132        158.31361981619330        31.893695944695395     
   60.918892120641047        16.567091014553757        158.33529082132986        31.899991837408425     
   60.915805679785720        16.569771370463926        158.35644394422127        31.906369676526957     
   60.913096581047903        16.572478701969906        158.37714321465387        31.912807854606598     
   60.910730185096121        16.575209495332416        158.39742015197177        31.919291235088821     
   60.908706864222985        16.577961118632786        158.41731437680093        31.925805950901825     
   60.906977827232105        16.580725742741848        158.43686041107119        31.932343033621517     
   60.905545657065076        16.583505523833615        158.45608785380222        31.938892513138502     
   60.904386152196437        16.586288621189215        158.47500366899595        31.945447592726303     
   60.896542952643543        16.587826682754436        158.49051289611162        31.949422103351363     
   60.888987137240726        16.589482999110484        158.50521005684701        31.953584621144348     
   60.881985609596406        16.591163709815376        158.51932142681645        31.957900643802290     
   60.875337067024276        16.592912189387857        158.53280558429719        31.962327816498359     
   60.869126160485180        16.594684346314246        158.54578894420172        31.966850328457109     
   60.863275466606815        16.596490089462165        158.55827871251523        31.971441552361249     
   60.857793257277990        16.598317628266642        158.57033673874648        31.976089035639745     
   60.852642590093005        16.600166103613159        158.58199265494878        31.980777785886250     
   60.847811519981704        16.602032017267451        158.59328523514426        31.985497855635366     
   60.843270568208446        16.603911988657277        158.60424709396108        31.990238555332510     
   60.839009390064447        16.605803427811949        158.61491235188430        31.994993519934837     
   60.834993837901663        16.607707584681894        158.62529897047193        31.999746205015327     
   60.823776090954624        16.608397421584186        158.63229873100531        32.002026206737732     
   60.813464329946747        16.609119807094697        158.63842360864325        32.004289903493074     
   60.803549473377799        16.609938155821968        158.64426044470440        32.006873097299099     
   60.793898009314063        16.610782340044381        158.64914661589270        32.009488277216320     
   60.784641759244252        16.611677288819845        158.65386088784462        32.012198645436868     
   60.775686112859177        16.612589673976501        158.65800451249805        32.014984663236028     
   60.767037754185132        16.613527881330096        158.66184761293965        32.017824672455774     
   60.758654698485131        16.614480363309557        158.66533006390841        32.020700903123995     
   60.750518530625314        16.615447085219792        158.66854438138785        32.023602539556215     
   60.742603525026581        16.616423442263720        158.67150665828643        32.026516197800767     
   60.734888631396089        16.617407271528954        158.67426311527007        32.029433062238816     
   60.727725744052151        16.618351707073998        158.67681651896271        32.032157195341014     
   60.712918404785881        16.618074783217274        158.67596038882036        32.032547089908093     
   60.698922933063479        16.617949426260747        158.67457219629117        32.033092507434439     
   60.685112280777346        16.617794699237894        158.67267544274756        32.033745341648256     
   60.671665212805188        16.617716692385859        158.67032476415261        32.034507445516169     
   60.658480836895876        16.617651112160363        158.66757675602264        32.035340839466556     
   60.645573763966510        16.617613207593454        158.66449064396065        32.036230930632613     
   60.632909788801257        16.617588111719183        158.66109739818927        32.037158469222980     
   60.620507859917524        16.617563747416476        158.65740082841876        32.038109050240628     
   60.608287426834757        16.617542576576351        158.65355171344430        32.039049550807270     
   60.596023358144365        16.617646145113742        158.64931895505524        32.040217174565328     
   60.584475095144029        16.617516272557378        158.64528749287348        32.040854634072481     
   60.572521388923008        16.617640663863458        158.64054830759414        32.042121723057285     
   60.554280539507964        16.616337913825099        158.63303047972695        32.040324523706914     
   60.535976178708836        16.615167168866193        158.62447661956401        32.038869138753761     
   60.518205144557690        16.614028634687607        158.61565628725680        32.037520143075895     
   60.500668658430371        16.612936362370899        158.60621412309453        32.036280927031946     
   60.483494276976998        16.611871822885195        158.59641651874739        32.035125610142472     
   60.466609723698035        16.610832112083745        158.58617672885339        32.034037451087684     
   60.450039698506124        16.609809095456672        158.57559832378362        32.033007331193517     
   60.433745010309863        16.608802131019409        158.56466086721858        32.032002782345536     
   60.417731694599738        16.607806190251495        158.55342544910070        32.031033213919542     
   60.401974803386516        16.606822171334933        158.54188767629020        32.030075753570770     
   60.386471091626809        16.605846895005065        158.53009268544645        32.029135004910714     
   60.371205043828319        16.604877878294928        158.51804101022753        32.028196222214156     
   60.349159724936037        16.602660455471288        158.50255809620452        32.024656111881797     
   60.327493213222105        16.600532208351659        158.48636592371020        32.021349280343998     
   60.306299869778698        16.598468618990740        158.46952815307790        32.018205525438894     
   60.285424072922105        16.596440223397902        158.45218151956962        32.015152335420339     
   60.264963514960783        16.594457229115250        158.43430095892967        32.012210230155866     
   60.244842598471131        16.592499446821151        158.41596042699530        32.009338357501896     
   60.225070482492455        16.590568615921061        158.39720002576968        32.006528107977381     
   60.205615316057084        16.588657567401057        158.37804791122662        32.003763662745563     
   60.186465777307397        16.586765131904052        158.35854045827895        32.001035079431659     
   60.167600811699231        16.584887843647302        158.33870509460854        31.998332301704224     
   60.149005502054287        16.583023790598613        158.31856982367887        31.995647821189468     
   60.130662613230626        16.581170566978738        158.29815889053057        31.992975176720094     
   60.105550220757621        16.578073373007669        158.27430421243017        31.987722076219324     
   60.080862876289153        16.575074813276284        158.24972176008703        31.982690414683873     
   60.056577579278517        16.572132675969414        158.22454288673597        31.977814817171264     
   60.032679678381314        16.569240895532339        158.19879218808984        31.973061717155929     
   60.009149950371054        16.566390539655192        158.17253970501474        31.968408970304800     
   59.985968879147386        16.563571513606057        158.14582565573480        31.963834442124298     
   59.963112944521626        16.560778596059407        158.11869609142619        31.959324011523396     
   59.940565525970847        16.558008455190116        158.09118681149275        31.954861384821214     
   59.918306636451533        16.555257772014475        158.06333222756706        31.950436682528125     
   59.896318778318111        16.552523678889699        158.03516245677341        31.946039015080913     
   59.874585972861944        16.549803693787254        158.00670392246337        31.941661343333621     
   59.853091809777531        16.547095220618967        157.97798207389454        31.937296459818008     
   59.824847226686934        16.543149289641480        157.94584336635072        31.930366431299532     
   59.797009781079076        16.539300169836849        157.91298730462464        31.923652167020489     
   59.769570816519973        16.535510018470344        157.87954751409615        31.917095499241398     
   59.742503653818041        16.531767866731350        157.84554353103692        31.910661860765583     
   59.715801810252131        16.528069446918732        157.81104977813354        31.904331785112273     
   59.689435985654434        16.524398188708684        157.77609707899305        31.898073253741355     
   59.663397143627137        16.520755282433523        157.74073799734563        31.891880668592478     
   59.637660798980093        16.517133273272751        157.70500042216167        31.885733881185121     
   59.612213412857123        16.513530619727849        157.66892237754411        31.879624553293610     
   59.587036685582291        16.509943623910647        157.63252909639408        31.873541169991327     
   59.562116538244844        16.506370116734683        157.59584866863639        31.867476422338253     
   59.537438117415078        16.502807511051724        157.55890336666670        31.861423090636258     
   59.506051003828162        16.498014297387208        157.51855597072594        31.852816879214878     
   59.475067491256816        16.493314007601629        157.47749167724280        31.844420260725304     
   59.444489197303042        16.488672306989777        157.43584097500221        31.836181955628987     
   59.414289704631599        16.484078375805197        157.39362578750919        31.828061633801880     
   59.384458675668398        16.479525275240427        157.35091400758989        31.820041460455283     
   59.354974223704097        16.475001416685728        157.30774244426524        31.812096105355394     
   59.325814892988518        16.470505120116503        157.26416009450173        31.804216628890867     
   59.296971733586638        16.466027752790477        157.22019275046284        31.796380625811228     
   59.268421328998528        16.461569588187999        157.17587959363556        31.788582092736711     
   59.240152204822735        16.457126110986252        157.13124373774448        31.780808166987914     
   59.212146538006202        16.452696124850718        157.08631410396961        31.773052205149938     
   59.184390622387603        16.448276643980840        157.04111194161777        31.765307903023825     
   59.150162000726951        16.442662758933164        156.99240620616317        31.755158562751323     
   59.116072249059229        16.437100542276124        156.94317626550671        31.745011133538355     
   59.082520344501525        16.431611246489211        156.89325401409286        31.735110838515574     
   59.049280842399412        16.426164245235753        156.84280924161081        31.725294597446478     
   59.016453105773778        16.420759841261912        156.79183558817127        31.715595247456928     
   58.983956291940864        16.415384090665448        156.74040987798216        31.705966951422646     
   58.951803122393372        16.410035154691649        156.68855733017949        31.696404969581039     
   58.919960424171563        16.404707638313820        156.63632170330496        31.686889950849519     
   58.888416861019806        16.399399334940064        156.58373164272811        31.677413079411306     
   58.857152496762602        16.394107087667770        156.53081787801830        31.667963586940331     
   58.826152455910425        16.388828769921307        156.47760583380682        31.658534397027182     
   58.795401641601615        16.383561808049031        156.42412027380351        31.649118158288140     
   58.758037085453786        16.377086879385960        156.36727151657192        31.637188095781838     
   58.721053706800539        16.370701059598733        156.30971872358978        31.625491568777822     
   58.684579548834634        16.364336095208312        156.25157140553659        31.613860275284324     
   58.648368198510582        16.358074554368518        156.19283569640967        31.602450935961055     
   58.612584981919632        16.351827356074416        156.13360866713700        31.591089352213391     
   58.577115679059247        16.345623300950773        156.07392212576227        31.579830488677167     
   58.541989986093000        16.339438547999009        156.01382276679252        31.568621654924179     
   58.507162860661460        16.333280184833164        155.95334502511824        31.557465374900900     
   58.472630555075959        16.327137683481439        155.89251959796562        31.546347305330887     
   58.438369866228413        16.321013020426410        155.83137792756278        31.535255314776592     
   58.404367764120423        16.314900911033526        155.76994560028757        31.524183160865242     
   58.370607059026263        16.308800667680249        155.70824675686393        31.513123772262023     
   58.330279247142471        16.301525289414265        155.64317042240771        31.499595851290501     
   58.290382615222391        16.294271170545379        155.57750197117656        31.486208343932621     
   58.250858955222235        16.287137483752495        155.51112472091884        31.473035494956321     
   58.211691813511528        16.280011820126326        155.44429331188988        31.459951259142393     
   58.172911604520849        16.272953813489114        155.37689521851846        31.446979828703473     
   58.134444583193698        16.265907849050397        155.30910385418574        31.434076083744024     
   58.096320736706616        16.258898443050867        155.24086537190354        31.421240097962361     
   58.058483684105212        16.251903906953796        155.17228230067531        31.408446648433369     
   58.020944117538619        16.244931842618467        155.10334063336970        31.395692082376378     
   57.983665377089750        16.237973064058121        155.03409959175104        31.382962557819717     
   57.946646201786443        16.231029048101622        154.96456445093017        31.370252931935948     
   57.909861713436662        16.224094873203683        154.89477218072179        31.357555381563362     
   57.866557391708113        16.215963179375859        154.82170032095036        31.342390903501094     
   57.823728075921764        16.207943538148893        154.74784674098223        31.327422464618589     
   57.781198861872454        16.199949783477301        154.67351133835180        31.312607189456816     
   57.739093101565636        16.192020111801707        154.59856867111540        31.297912122044547     
   57.697312800476801        16.184119364544660        154.52318303237368        31.283305898843679     
   57.655892263635977        16.176252626280366        154.44732233755627        31.268780759410234     
   57.614778525691925        16.168407728318908        154.37107716122864        31.254311381509467     
   57.573975996336273        16.160585817367675        154.29444933491277        31.239890633003338     
   57.533453137713671        16.152780427572178        154.21749185603556        31.225503180777746     
   57.493203754998554        16.144991039832657        154.14021835421940        31.211142349719751     
   57.453205870331153        16.137213756661424        154.06266387368586        31.196798814568609     
   57.413448994392411        16.129447167941091        153.98484491327730        31.182467644055304     
   57.367236325116110        16.120496275777761        153.90378916939861        31.165688402980308     
   57.321504459125514        16.111650717533600        153.82193524221779        31.149123172628837     
   57.276067353508111        16.102837091109965        153.73962394527931        31.132685758617807     
   57.231056169523868        16.094080969344631        153.65670071405006        31.116377611252862     
   57.186366307109886        16.085355696758054        153.57334033445608        31.100154204027724     
   57.142036181986605        16.076663056104962        153.48950742990857        31.084011008148135     
   57.098011152318499        16.067992293421000        153.40529308286307        31.067922199401913     
   57.054297354401307        16.059343300929150        153.32069783144826        31.051881336588043     
   57.010861610972825        16.050710735558027        153.23577546619606        31.035873036152637     
   56.967697824754218        16.042093360972117        153.15053859427616        31.019891686946220     
   56.924784740471878        16.033488277359925        153.06502312422410        31.003926577606798     
   56.882111527383934        16.024893438392855        152.97924478769042        30.987973896271452     
   56.833054443797096        16.015128651078495        152.89026983567254        30.969596546773406     
   56.784399830739474        16.005476048131364        152.80051655288688        30.951482622630568     
   56.736160668940855        15.995839559932641        152.71028168519854        30.933417852492596     
   56.688272667144680        15.986266683082125        152.61947044034659        30.915515188873780     
   56.640743680616090        15.976721906892905        152.52819886394875        30.897685623689124     
   56.593544287979334        15.967209176019868        152.43648296841778        30.879938755965760     
   56.546685235529708        15.957710276997222        152.34438245761510        30.862223538101013     
   56.500081644498209        15.948246741603016        152.25190264397077        30.844595489173177     
   56.453777122214959        15.938793648673510        152.15909904720911        30.826981686560810     
   56.407728972965955        15.929357990126174        152.06598790292338        30.809401748604255     
   56.361933441787841        15.919932922850133        151.97259966351990        30.791835619974592     
   56.316372031775742        15.910518199462162        151.87895389862743        30.774282329487491     
   56.264568174887579        15.899944379582726        151.78210835588317        30.754322079149183     
   56.213060240886563        15.889475398254415        151.68461048903507        30.734613721897620     
   56.162014077979187        15.879037316165995        151.58652825877522        30.714995216621677     
   56.111288675003060        15.868654382466678        151.48793426895978        30.695512896304145     
   56.060931747221758        15.858302402133763        151.38885871925837        30.676112859922402     
   56.010893362206936        15.847980666914509        151.28935789466277        30.656789121532171     
   55.961171812584325        15.837681152515964        151.18946262008924        30.637520870182058     
   55.911741958905750        15.827401719171149        151.08921067706152        30.618297439054874     
   55.862590393480581        15.817138804361418        150.98863052593393        30.599107413318521     
   55.813699315192935        15.806889907653579        150.88774995086723        30.579942442477979     
   55.765055384919286        15.796653316870959        150.78659415325330        30.560794523558677     
   55.716643465310554        15.786426212149422        150.68518470413164        30.541658100413326     
   55.662039278800854        15.775063760768354        150.58062666536748        30.520164069554443     
   55.607819423875092        15.763782261959946        150.47540062756892        30.498871741178696     
   55.553972381216504        15.752550015433988        150.36962134132577        30.477709822435042     
   55.500482130970518        15.741362692453288        150.26332363991546        30.456664390703367     
   55.447337822011356        15.730210373294842        150.15655723860320        30.435707097828224     
   55.394518188429849        15.719084946717015        150.04936714178240        30.414821577155355     
   55.342008466097575        15.707982308180771        149.94178894325626        30.393991649299249     
   55.289789668018322        15.696898197875433        149.83385676887079        30.373205197320011     
   55.237846783890532        15.685830780703812        149.72560104300075        30.352451158996196     
   55.186163020032865        15.674776781790278        149.61704783514824        30.331721310732210     
   55.134724103392088        15.663734282151736        149.50822184229898        30.311008260260611     
   55.083516019813295        15.652700973256495        149.39914476869657        30.290306074496907     
   55.026207585912232        15.640549373882102        149.28696360734364        30.267281900722793     
   54.969270773922368        15.628468247143989        149.17413839719660        30.244458650122990     
   54.912722057017206        15.616451297860388        149.06074261704703        30.221753513389103     
   54.856511074752532        15.604467024374532        148.94684993147047        30.199173471188580     
   54.800656556101110        15.592523903631152        148.83248396895334        30.176670504925884     
   54.745113933792162        15.580602604079129        148.71770638684055        30.154244692077455     
   54.689884495099420        15.568705530065559        148.60254047274549        30.131870105572478     
   54.634940416528607        15.556825375948625        148.48702789909188        30.109539773623027     
   54.580271257130818        15.544961398714285        148.37119296724586        30.087240724513858     
   54.525856851266724        15.533110159497440        148.25506487963938        30.064966346949472     
   54.471687824243389        15.521270145755803        148.13866631844724        30.042707238425081     
   54.417746366350691        15.509438886172832        148.02201948828460        30.020459389934764     
   54.357814625809780        15.496511819707450        147.90230728273062        29.995924716750274     
   54.298240226625737        15.483647722951265        147.78197516087749        29.971587056590774     
   54.239028872807729        15.470846339764096        147.66107076615992        29.947397001867913     
   54.180206054510201        15.458072133659975        147.53969588661971        29.923259625183764     
   54.121663608887900        15.445344991371391        147.41783197802272        29.899285837538599     
   54.063507471528325        15.432632089844466        147.29558522113328        29.875292917343611     
   54.005581580478683        15.419951077375666        147.17293167443353        29.851445755576918     
   53.948015509803838        15.407278523955991        147.04995999855191        29.827547546281853     
   53.890643581638578        15.394630450044714        146.92664663933627        29.803773161485097     
   53.833582468211659        15.381990787621518        146.80306245694840        29.779949686847583     
   53.776734806769070        15.369360294126292        146.67920107130936        29.756181292994405     
   53.720122144419946        15.356742110902013        146.55510092105226        29.732403041237941     
   53.655906513945197        15.342593183769813        146.43064077694740        29.705831083184989     
   53.594652592322262        15.329544984217307        146.30086616183948        29.680597853340657     
   53.534071103542104        15.316125459163356        146.17091538734215        29.655247439641787     
   53.470307946975076        15.301918503172152        146.04595563746312        29.628771003497153     
   53.410466367335552        15.289083094021574        145.91407870311383        29.604019111571912     
   53.350770286111278        15.275623841395513        145.78315608451641        29.578792958040218     
   53.288044979580910        15.261530999079715        145.65682164756828        29.552540656193862     
   53.229103022418059        15.248706861880612        145.52392199891304        29.527899809000260     
   53.170322570472273        15.235305036891805        145.39191320206908        29.502787063015731     
   53.108364446048419        15.221241264028839        145.26470910239732        29.476608173615258     
   53.050218350145649        15.208452800361332        145.13092090664011        29.452024262142587     
   52.992168627049949        15.195075925270068        144.99812002623767        29.426947873458200     
   52.924844562582990        15.179953468078416        144.86752620963927        29.398582486078855     
   52.861513215616448        15.166202723775749        144.72988933571767        29.371991239846125     
   52.796644636416694        15.151482621452082        144.59566342795006        29.344451977665262     
   52.733069410656732        15.137447427762988        144.45873505037909        29.317655558801647     
   52.669345931085033        15.123056988977712        144.32258341657277        29.290577854678254     
   52.606165411234663        15.108890572224796        144.18541098492858        29.263757768222632     
   52.543168323929343        15.094635519774592        144.04819622674373        29.236882789394972     
   52.480500315262681        15.080444910824969        143.91049853978697        29.210098808552001     
   52.418065597348459        15.066244935683235        143.77257457436417        29.183316388787684     
   52.355887677761466        15.052066233538493        143.63433959062175        29.156567304581746     
   52.293932533765563        15.037893886962436        143.49586766101567        29.129825840208071     
   52.232196604955966        15.023731439205378        143.35715490683717        29.103096179965618     
   52.164773221846460        15.008511608929936        143.21559235338106        29.074197888001436     
   52.097708981392742        14.993400628625043        143.07336538865678        29.045494640645149     
   52.030992907005725        14.978308782350231        142.93066266506793        29.016900004019998     
   51.964607777312892        14.963264938115346        142.78747198260120        28.988414750425118     
   51.898543657124492        14.948246726175622        142.64385662365274        28.960007306883178     
   51.832781515827534        14.933252131006769        142.49985135329391        28.931664309269873     
   51.767307645635171        14.918276876468884        142.35548927020696        28.903370746033382     
   51.702105155019964        14.903316744940199        142.21080138657888        28.875116049433181     
   51.637158912235407        14.888370397172531        142.06581485809525        28.846890175266818     
   51.572454113925900        14.873435282285035        141.92055438310237        28.818685469505809     
   51.507977096205437        14.858509908107958        141.77504188496439        28.790495309617231     
   51.443715103145493        14.843592316853965        141.62929739616172        28.762314312229776     
   51.373891619772593        14.827639911764184        141.48075632537680        28.732012130396711     
   51.304425079420881        14.811791893312760        141.33156337823442        28.701899309036847     
   51.235304196080804        14.795963574044041        141.18189995702213        28.671892304656971     
   51.166509585400384        14.780181019110280        141.03175611083617        28.641993385264630     
   51.098035752913184        14.764423260325788        140.88119214757018        28.612169107738641     
   51.029861608007181        14.748688170736372        140.73024266748263        28.582407970098568     
   50.961977350483977        14.732971002446698        140.57893829729511        28.552693907817559     
   50.894363206198406        14.717268701690756        140.42731176411147        28.523017032368845     
   50.827006166239748        14.701579396095719        140.27538785369038        28.493367421881075     
   50.759890853225173        14.685900794487813        140.12319163771087        28.463737696101415     
   50.693004181332434        14.670231257805483        139.97074432544053        28.434121352912339     
   50.626333013530882        14.654568977028681        139.81806589631947        28.404513368540393     
   50.554231190606885        14.637894646937818        139.66265044269937        28.372832462133680     
   50.482484857356326        14.621320972754337        139.50659535522152        28.341333981062597     
   50.411078248834734        14.604766570186303        139.35007634056402        28.309940936833158     
   50.339996016026070        14.588255832548606        139.19308511818667        28.278651882392015     
   50.269230165933273        14.571768662090486        139.03568044621949        28.247436378821945     
   50.198761728025154        14.555302969366267        138.87789581627260        28.216281920623100     
   50.128578310741247        14.538854657254205        138.71976234399349        28.185173901843640     
   50.058662254189215        14.522420013298932        138.56131093323006        28.154102802557780     
   49.989000195400585        14.505997780252581        138.40256644632936        28.123058360411562     
   49.919576763927687        14.489585908169387        138.24355329930009        28.092033622685864     
   49.850379917580284        14.473182324806043        138.08429209159712        28.061022025518490     
   49.781394896660636        14.456786278046510        137.92480265846973        28.030019309805265     
   49.707113297724334        14.439402321730352        137.76264070115087        27.996993004838917     
   49.633176087415492        14.422118546912523        137.59985045582965        27.964149495944206     
   49.559577245982396        14.404850661897539        137.43660888998645        27.931403430945899     
   49.486292888200765        14.387627315873797        137.27290299436592        27.898762524015957     
   49.413319306168304        14.370426680229423        137.10879267651299        27.866192601791241     
   49.340636041204583        14.353247603338112        136.94430967994276        27.833683494274798     
   49.268231662023823        14.336085588408650        136.77948475960969        27.801220301533714     
   49.196089304054098        14.318937275623137        136.61434833170523        27.768792948989219     
   49.124195618036737        14.301800968077657        136.44892475387957        27.736392026424820     
   49.052534631024521        14.284675007954771        136.28323801819715        27.704011265318620     
   48.981094891221517        14.267557583627054        136.11730873685238        27.671643078144790     
   48.909862674988680        14.250447744733568        135.95115611630226        27.639283528657121     
   48.833470950211456        14.232375095145519        135.78239993586129        27.604951745948576     
   48.757418317349341        14.214399550761183        135.61303178944684        27.570795016468661     
   48.681692297100433        14.196440037393215        135.44322367398536        27.536735903731497     
   48.606275250001659        14.178523660752569        135.27296329467717        27.502776865328428     
   48.531160570009675        14.160629514811010        135.10230911008483        27.468887057206064     
   48.456329712247417        14.142756370110748        134.93129137334097        27.435055913261586     
   48.381770858190535        14.124899912430548        134.75994054324309        27.401269242100312     
   48.307467965843671        14.107056645879839        134.58828571857401        27.367517396049934     
   48.233407581266633        14.089225132586577        134.41635074118366        27.333791402884287     
   48.159575905637105        14.071402949626043        134.24415874310662        27.300084450412125     
   48.085959869832003        14.053589213700612        134.07172966281098        27.266390432781360     
   48.012547187345341        14.035782205851772        133.89908252797730        27.232704428873511     
   47.934117777655757        14.017038166630481        133.72390297713650        27.197101158645779     
   47.856019161768316        13.998389620276155        133.54812628654011        27.161667778771619     
   47.778240596518707        13.979754428105124        133.37192312101428        27.126327924081178     
   47.700763377242879        13.961161828146091        133.19527825496320        27.091085737882032     
   47.623581655699660        13.942589935127483        133.01825007937370        27.055910539241715     
   47.546677107389854        13.924038707171590        132.84086738346662        27.020792219054364     
   47.470038763145510        13.905503108155248        132.66315950805290        26.985717035847138     
   47.393650840327716        13.886980222530767        132.48515495176534        26.950675561379182     
   47.317500386253521        13.868468239746136        132.30687684782049        26.915659207347993     
   47.241573957160909        13.849965160983576        132.12834749252099        26.880661132473001     
   47.165859074733170        13.831469821421310        131.94958659689760        26.845675370826619     
   47.090343806181174        13.812980731090470        131.77061212157042        26.810697256085554     
   47.009958811599368        13.793580575148066        131.58917872533962        26.773857254979923     
   46.929898172015442        13.774274625075368        131.40716246872523        26.737182692675404     
   46.850151757440209        13.754980341971070        131.22473231311670        26.700597079116577     
   46.770698680812664        13.735725573617081        131.04187293579750        26.664105926348078     
   46.691534800797776        13.716491548191218        130.85864011675363        26.627679202652416     
   46.612641675331815        13.697277008837522        130.67506174885452        26.591307388269573     
   46.534009171831258        13.678077677586744        130.49116633227655        26.554976950130055     
   46.455621060823532        13.658890554539955        130.30698142876980        26.518679262206010     
   46.377465694356204        13.639713729612913        130.12252949457275        26.482405692587317     
   46.299529375829003        13.620545320820117        129.93783245488012        26.446149603990225     
   46.221800538278096        13.601384184076609        129.75290865480321        26.409905767352249     
   46.144267214105390        13.582228816038281        129.56777639918175        26.373668897450464     
   46.062017763155126        13.562189898336554        129.38026033992418        26.335627834261672     
   45.980084981313496        13.542242067204478        129.19217905715399        26.297745656941970     
   45.898456235938717        13.522305217461042        129.00369407247956        26.259951615271348     
   45.817115743497851        13.502407170591269        128.81479248203402        26.222247341213780     
   45.736056158817057        13.482528545180493        128.62552779397242        26.184605654053964     
   45.655261071597863        13.462668860696040        128.43592727402842        26.147016581874055     
   45.574719533639403        13.442823732450242        128.24601838248887        26.109467582008271     
   45.494416668987341        13.422990221030561        128.05582803021369        26.071949846066509     
   45.414340847310399        13.403166528380723        127.86537764366827        26.034455298368542     
   45.334478805771674        13.383350797950481        127.67468848576645        25.996977724197425     
   45.254819088597799        13.363541897446977        127.48377887864920        25.959511490159532     
   45.175350129523963        13.343738384359778        127.29266592679421        25.922052428737388     
   45.091324281896810        13.323080682966628        127.09924672028544        25.882847868046689     
   45.007605149281666        13.302508793063788        126.90528101438309        25.843796583658591     
   44.924182787765311        13.281946926083782        126.71092459509073        25.804829472732003     
   44.841039474308772        13.261423396314363        126.51616350760155        25.765949643695858     
   44.758168905807494        13.240918986895785        126.32105061461047        25.727129796882178     
   44.675556641397222        13.220431322024348        126.12561163057212        25.688360669406048     
