0.000000000000000000e+00 -1.848000000011332133e+01
3.337254901960784448e+00 -1.602879046700326171e+01
6.674509803921568896e+00 -1.270501998747395689e+01
1.001176470588235290e+01 -8.452503056165767248e+00
1.334901960784313779e+01 -3.231173330150540757e+00
1.668627450980392268e+01 2.981214295365485878e+00
2.002352941176470580e+01 1.018785054706673598e+01
2.336078431372549247e+01 1.837215842240187058e+01
2.669803921568627558e+01 2.749763333150091071e+01
3.003529411764705870e+01 3.750825172533401997e+01
3.337254901960784537e+01 4.832944363959887824e+01
3.670980392156862848e+01 5.986960492242464937e+01
4.004705882352941160e+01 7.202210592416646762e+01
4.338431372549019471e+01 8.466773586037304256e+01
4.672156862745098493e+01 9.767750661521934319e+01
5.005882352941176805e+01 1.109157270525990384e+02
5.339607843137255117e+01 1.242432494585152227e+02
5.673333333333333428e+01 1.375207839342566842e+02
6.007058823529411740e+01 1.506121746309466687e+02
6.340784313725490762e+01 1.633875337404978723e+02
6.674509803921569073e+01 1.757261350522162502e+02
7.008235294117646674e+01 1.875189784061117564e+02
7.341960784313725696e+01 1.986709491326923853e+02
7.675686274509804718e+01 2.091025120419317034e+02
8.009411764705882320e+01 2.187508970787953899e+02
8.343137254901961342e+01 2.275707526842227821e+02
8.676862745098038943e+01 2.355342624219561856e+02
9.010588235294117965e+01 2.426307397673848243e+02
9.344313725490196987e+01 2.488657343337186774e+02
9.678039215686274588e+01 2.542596995101934567e+02
1.001176470588235361e+02 2.588462858619833469e+02
1.034549019607843121e+02 2.626703361530006759e+02
1.067921568627451023e+02 2.657856660896392214e+02
1.101294117647058926e+02 2.682527195789700158e+02
1.134666666666666686e+02 2.701361883365134986e+02
1.168039215686274588e+02 2.715026831114157631e+02
1.201411764705882348e+02 2.724185378189607150e+02
1.234784313725490250e+02 2.729478188226657949e+02
1.268156862745098152e+02 2.731505999569645837e+02
1.301529411764705912e+02 2.730815501957187053e+02
1.334901960784313815e+02 2.727888657964639378e+02
1.368274509803921717e+02 2.723135629760976713e+02
1.401647058823529335e+02 2.716891314054368536e+02
1.435019607843137237e+02 2.709415337345259900e+02
1.468392156862745139e+02 2.700895226158449987e+02
1.501764705882353041e+02 2.691452348400086407e+02
1.535137254901960944e+02 2.681150126985724569e+02
1.568509803921568562e+02 2.670003958816074601e+02
1.601882352941176464e+02 2.657992233109814038e+02
1.635254901960784366e+02 2.645067833709629213e+02
1.668627450980392268e+02 2.631169529528851285e+02
1.702000000000000171e+02 2.616232703735400946e+02
1.735372549019607789e+02 2.600198942301349803e+02
1.768745098039215691e+02 2.583024091877600767e+02
1.802117647058823593e+02 2.564684500483206762e+02
1.835490196078431495e+02 2.545181266592004476e+02
1.868862745098039397e+02 2.524542436970712913e+02
1.902235294117647015e+02 2.502823205230276926e+02
1.935607843137254918e+02 2.480104265983395919e+02
1.968980392156862820e+02 2.456488568837955881e+02
2.002352941176470722e+02 2.432096788107928376e+02
2.035725490196078624e+02 2.407061875015169505e+02
2.069098039215686242e+02 2.381523087363338504e+02
2.102470588235294144e+02 2.355619896491532472e+02
2.135843137254902047e+02 2.329486153303697336e+02
2.169215686274509949e+02 2.303244856055595733e+02
2.202588235294117851e+02 2.277003805183071847e+02
2.235960784313725469e+02 2.250852358513741365e+02
2.269333333333333371e+02 2.224859418173606969e+02
2.302705882352941273e+02 2.199072693307226984e+02
2.336078431372549176e+02 2.173519195509816484e+02
2.369450980392157078e+02 2.148206841692209537e+02
2.402823529411764696e+02 2.123126966702132847e+02
2.436196078431372598e+02 2.098257489562551825e+02
2.469568627450980500e+02 2.073566436013711893e+02
2.502941176470588402e+02 2.049015498536061841e+02
2.536313725490196305e+02 2.024563314459383037e+02
2.569686274509804207e+02 2.000168163230269442e+02
2.603058823529411825e+02 1.975789824337282425e+02
2.636431372549019443e+02 1.951390395576196397e+02
2.669803921568627629e+02 1.926933944058452539e+02
2.703176470588235247e+02 1.902384945556843547e+02
2.736549019607843434e+02 1.877705556737407449e+02
2.769921568627451052e+02 1.852851854444631385e+02
2.803294117647058670e+02 1.827769261259609266e+02
2.836666666666666856e+02 1.802387451956572875e+02
2.870039215686274474e+02 1.776615096579027693e+02
2.903411764705882661e+02 1.750334838649430935e+02
2.936784313725490279e+02 1.723398928413149065e+02
2.970156862745097897e+02 1.695625928963515321e+02
3.003529411764706083e+02 1.666798886759153788e+02
3.036901960784313701e+02 1.636665307846585051e+02
3.070274509803921887e+02 1.604939208724397020e+02
3.103647058823529505e+02 1.571305419118786801e+02
3.137019607843137123e+02 1.535426206957238549e+02
3.170392156862745310e+02 1.496950178408235388e+02
3.203764705882352928e+02 1.455523283563861412e+02
3.237137254901961114e+02 1.410801637163494888e+02
3.270509803921568732e+02 1.362465749809088607e+02
3.303882352941176350e+02 1.310235664359735779e+02
3.337254901960784537e+02 1.253886410109923872e+02
3.370627450980392155e+02 1.193263128709010203e+02
3.404000000000000341e+02 1.128295194342038172e+02
3.437372549019607959e+02 1.059008649049568049e+02
3.470745098039215577e+02 9.855363034648293308e+01
3.504117647058823763e+02 9.081249135129951355e+01
3.537490196078431381e+02 8.271389331244650123e+01
3.570862745098039568e+02 7.430604587350612178e+01
3.604235294117647186e+02 6.564851189653785468e+01
3.637607843137254804e+02 5.681138169592967557e+01
3.670980392156862990e+02 4.787403971037852557e+01
3.704352941176470608e+02 3.892354753230637954e+01
3.737725490196078795e+02 3.005268356096567928e+01
3.771098039215686413e+02 2.135769477110568815e+01
3.804470588235294031e+02 1.293582950670852583e+01
3.837843137254902217e+02 4.882731198414832718e+00
3.871215686274509835e+02 -2.710219061870880797e+00
3.904588235294118022e+02 -9.758518481020802326e+00
3.937960784313725640e+02 -1.618702340328783151e+01
3.971333333333333258e+02 -2.193220406396470068e+01
4.004705882352941444e+02 -2.694408868163750626e+01
4.038078431372549062e+02 -3.118782218883503177e+01
4.071450980392157248e+02 -3.464477790923611167e+01
4.104823529411764866e+02 -3.731317613547859935e+01
4.138196078431372484e+02 -3.920818123349918949e+01
4.171568627450980671e+02 -4.036146789457320949e+01
4.204941176470588289e+02 -4.082026671107101379e+01
4.238313725490196475e+02 -4.064591857430124122e+01
4.271686274509804093e+02 -3.991198569636691929e+01
4.305058823529411711e+02 -3.870198359612817285e+01
4.338431372549019898e+02 -3.710681248747224714e+01
4.371803921568627516e+02 -3.522197759243000803e+01
4.405176470588235702e+02 -3.314469552409675401e+01
4.438549019607843320e+02 -3.097098774126222764e+01
4.471921568627450938e+02 -2.879286202183297050e+01
4.505294117647059124e+02 -2.669567895226330023e+01
4.538666666666666742e+02 -2.475579276360446812e+01
4.572039215686274929e+02 -2.303854479289794455e+01
4.605411764705882547e+02 -2.159667388098655749e+01
4.638784313725490165e+02 -2.046919172094787243e+01
4.672156862745098351e+02 -1.968075322291960916e+01
4.705529411764705969e+02 -1.924153310012018281e+01
4.738901960784314156e+02 -1.914760087570792990e+01
4.772274509803921774e+02 -1.938176812536155680e+01
4.805647058823529392e+02 -1.991486473443845284e+01
4.839019607843137578e+02 -2.070738592283241175e+01
4.872392156862745196e+02 -2.171143934274788734e+01
4.905764705882353383e+02 -2.287291213532222400e+01
4.939137254901961001e+02 -2.413377175807922015e+01
4.972509803921568619e+02 -2.543441183806258721e+01
5.005882352941176805e+02 -2.671595528675647913e+01
5.039254901960784423e+02 -2.792243130624935432e+01
5.072627450980392609e+02 -2.900275045578156252e+01
5.106000000000000227e+02 -2.991241224304345536e+01
5.139372549019608414e+02 -3.061489225913341983e+01
5.172745098039215463e+02 -3.108267011211436071e+01
5.206117647058823650e+02 -3.129787469911230957e+01
5.239490196078431836e+02 -3.125253903238833431e+01
5.272862745098038886e+02 -3.094847224549713971e+01
5.306235294117647072e+02 -3.039677092775194112e+01
5.339607843137255259e+02 -2.961700500268577230e+01
5.372980392156863445e+02 -2.863612449361045975e+01
5.406352941176470495e+02 -2.748714232064474672e+01
5.439725490196078681e+02 -2.620765447568132700e+01
5.473098039215686867e+02 -2.483826237296440809e+01
5.506470588235293917e+02 -2.342096284535685768e+01
5.539843137254902103e+02 -2.199756924278620929e+01
5.573215686274510290e+02 -2.060822259474657869e+01
5.606588235294117339e+02 -1.929004512691451012e+01
5.639960784313725526e+02 -1.807597995818881387e+01
5.673333333333333712e+02 -1.699385099498691787e+01
5.706705882352941899e+02 -1.606566636897177602e+01
5.740078431372548948e+02 -1.530717773190927566e+01
5.773450980392157135e+02 -1.472769681791126928e+01
5.806823529411765321e+02 -1.433016036921670455e+01
5.840196078431372371e+02 -1.411142520695554481e+01
5.873568627450980557e+02 -1.406276725628206847e+01
5.906941176470588744e+02 -1.417055196962141572e+01
5.940313725490195793e+02 -1.441703900848622411e+01
5.973686274509803980e+02 -1.478128132773066383e+01
6.007058823529412166e+02 -1.524007794979672070e+01
6.040431372549020352e+02 -1.576894062852768563e+01
6.073803921568627402e+02 -1.634303711416594140e+01
6.107176470588235588e+02 -1.693807761109177079e+01
6.140549019607843775e+02 -1.753111598685113037e+01
6.173921568627450824e+02 -1.810124303233979859e+01
6.207294117647059011e+02 -1.863015526164665658e+01
6.240666666666667197e+02 -1.910258905219379244e+01
6.274039215686274247e+02 -1.950661605717601788e+01
6.307411764705882433e+02 -1.983380150272798303e+01
6.340784313725490620e+02 -2.007923198756985883e+01
6.374156862745098806e+02 -2.024142356378887087e+01
6.407529411764705856e+02 -2.032212408478846299e+01
6.440901960784314042e+02 -2.032602601310356150e+01
6.474274509803922228e+02 -2.026040709966350306e+01
6.507647058823529278e+02 -2.013471664502075598e+01
6.541019607843137464e+02 -1.996012454670869829e+01
6.574392156862745651e+02 -1.974904917626088263e+01
6.607764705882352700e+02 -1.951467848977010533e+01
6.641137254901960887e+02 -1.927049684365707805e+01
6.674509803921569073e+02 -1.902982794710474579e+01
6.707882352941177260e+02 -1.880540240458142520e+01
6.741254901960784309e+02 -1.860895653082253176e+01
6.774627450980392496e+02 -1.845086766698979375e+01
6.808000000000000682e+02 -1.833983016013673861e+01
6.841372549019607732e+02 -1.828257551397366143e+01
6.874745098039215918e+02 -1.828363995798785169e+01
6.908117647058824105e+02 -1.834518275302778534e+01
6.941490196078431154e+02 -1.846685885694053297e+01
6.974862745098039341e+02 -1.864574998797531791e+01
7.008235294117647527e+02 -1.887635850258525849e+01
7.041607843137255713e+02 -1.915066869759118617e+01
7.074980392156862763e+02 -1.945828000971665617e+01
7.108352941176470949e+02 -1.978661599131702431e+01
7.141725490196079136e+02 -2.012121179176474683e+01
7.175098039215686185e+02 -2.044608111005932116e+01
7.208470588235294372e+02 -2.074416119242817302e+01
7.241843137254902558e+02 -2.099783146615586560e+01
7.275215686274509608e+02 -2.118949791683749240e+01
7.308588235294117794e+02 -2.130223147006749329e+01
7.341960784313725981e+02 -2.132044461456288076e+01
7.375333333333334167e+02 -2.123058652280365877e+01
7.408705882352941217e+02 -2.102183323384588576e+01
7.442078431372549403e+02 -2.068674631956970700e+01
7.475450980392157589e+02 -2.022187111606937293e+01
7.508823529411764639e+02 -1.962824430362782735e+01
7.542196078431372825e+02 -1.891178056537685848e+01
7.575568627450981012e+02 -1.808350940162398857e+01
7.608941176470588061e+02 -1.715963601831268193e+01
7.642313725490196248e+02 -1.616140456766078515e+01
7.675686274509804434e+02 -1.511474784263566207e+01
7.709058823529412621e+02 -1.404971468015794578e+01
7.742431372549019670e+02 -1.299967459732715724e+01
7.775803921568627857e+02 -1.200030828362840829e+01
7.809176470588236043e+02 -1.108840214941662516e+01
7.842549019607843093e+02 -1.030047478624394408e+01
7.875921568627451279e+02 -9.671272493800231018e+00
7.909294117647059466e+02 -9.232179523508358798e+00
7.942666666666666515e+02 -9.009595939524944086e+00
7.976039215686274702e+02 -9.023341592420951685e+00
8.009411764705882888e+02 -9.285148277896940527e+00
8.042784313725491074e+02 -9.797303421579231397e+00
8.076156862745098124e+02 -1.055150738797502186e+01
8.109529411764706310e+02 -1.152800265541341673e+01
8.142901960784314497e+02 -1.269502663894470373e+01
8.176274509803921546e+02 -1.400863100549997853e+01
8.209647058823529733e+02 -1.541289915150963452e+01
8.243019607843137919e+02 -1.684058045369104306e+01
8.276392156862744969e+02 -1.821414540828175888e+01
8.309764705882353155e+02 -1.944725037418281488e+01
8.343137254901961342e+02 -2.044658492441136488e+01
8.376509803921569528e+02 -2.111405941847408130e+01
8.409882352941176578e+02 -2.134927597711543612e+01
8.443254901960784764e+02 -2.105221319461642793e+01
8.476627450980392950e+02 -2.012604424156461747e+01
8.510000000000000000e+02 -1.848000000011332133e+01
