8912
998
181
183
182
184
185
186
471
473
472
474
475
476
589
591
590
592
593
594
757
759
758
760
761
762
797
799
798
800
801
802
823
825
824
826
827
828
839
841
840
842
843
844
889
891
890
892
893
894
899
900
901
902
953
955
954
956
957
958
1003
1004
1035
1038
1037
1034
1041
1042
1053
1055
1054
1056
1057
1058
1089
1090
1091
1092
1093
1094
1149
1151
1150
1152
1153
1154
1171
1173
1172
1174
1175
1176
1181
1182
1183
1184
1233
1235
1234
1236
1237
1238
1251
1253
1252
1254
1255
1256
1289
1290
1291
1292
1293
1294
1333
1334
1335
1336
1345
1346
1357
1359
1358
1360
1361
1362
1411
1413
1412
1414
1415
1416
1451
1452
1453
1454
1465
1467
1466
1468
1469
1470
1475
1476
1563
1564
1573
1574
1575
1576
1661
1662
1713
1715
1714
1716
1717
1718
1721
1722
1723
1724
1787
1789
1788
1790
1791
1792
1817
1818
1819
1820
1891
1893
1892
1894
1895
1896
1907
1909
1908
1910
1911
1912
1923
1924
1925
1926
1961
149
1962
1963
1964
153
2129
2130
1730
2131
2132
1734
2733
1280
2734
2732
1036
2747
2748
2729
2730
2773
2774
2731
2775
2746
2776
2777
2778
2745
2772
2787
2788
2771
2789
2790
2791
2792
2793
2794
2795
2796
2813
2814
2815
2816
2817
2818
2823
2824
2825
2826
2827
2828
2779
152
2780
151
2782
2831
2832
2804
2803
2811
2812
2837
2838
2845
2846
2851
2852
2853
2854
2857
2858
2860
2861
2834
2862
2863
2807
2867
2868
2869
2870
2871
2872
2835
2836
2881
2882
2883
2884
2885
2886
2889
2890
2891
2892
2822
2821
2901
2902
2903
2904
2905
2906
2911
2912
2913
2914
2915
2916
2893
2894
2925
2926
2929
2930
2933
2934
2937
2938
2951
2952
2955
2956
2961
2962
2969
2970
2979
2980
2981
2982
2989
2990
2991
2992
2993
2994
2995
2996
2997
2998
2999
3000
3001
3002
3003
3004
3005
3006
3007
3008
3013
3014
3015
3016
3017
3018
3019
3020
3027
3028
3031
3032
3039
3040
3041
3042
3043
3044
3049
3050
3055
3056
3057
3058
3059
3060
3061
3062
3063
3064
3065
3066
3067
3068
3069
3070
3071
3072
3079
3080
3081
3082
3083
3084
3089
3090
3095
3096
3097
3098
3099
3100
3101
3102
3103
3104
3105
3106
3107
3108
3113
3114
3119
3120
3121
3122
3125
3126
3127
3128
3129
3130
3137
3138
3139
3140
3141
3142
3143
3144
3145
3146
3151
3152
3159
3160
3161
3162
3163
3164
3165
3166
3169
3170
3171
3172
3173
3174
3735
3736
4595
4596
4597
4611
4612
4613
4756
4757
4758
4815
4816
4817
4899
4900
4901
4919
4920
4921
4932
4933
4934
4940
4941
4942
4965
4966
4967
4970
4971
4997
4998
4999
5022
5041
5047
5048
5049
5065
5066
5067
5095
5096
5097
5106
5107
5108
5111
5112
5137
5138
5139
5146
5147
5148
5165
5166
5167
5187
5188
5193
5199
5200
5201
5226
5227
5228
5246
5247
5253
5254
5255
5258
5302
5307
5308
5351
5377
5378
5379
5381
5382
5414
5415
5416
5429
5430
5466
5467
5468
5474
5475
5476
5482
5483
5501
5502
5585
5386
5586
5161
5887
5886
5039
5038
5894
5885
5907
5908
5893
5909
5910
5876
5875
5911
5906
5914
5915
5916
5917
5922
5927
5928
5929
5897
5924
5900
5931
5932
5933
5934
5936
5926
5939
5943
5946
5947
5949
5950
5937
5951
5938
5954
5955
5956
5961
5962
5963
5965
5966
5952
5967
5971
5972
5973
5976
5977
5978
5983
5985
5987
5989
5996
5998
6001
6005
6010
6011
6015
6016
6017
6018
6019
6020
6021
6022
6023
6024
6027
6028
6029
6030
6034
6036
6040
6041
6042
6045
6048
6049
6050
6051
6052
6053
6054
6055
6056
6060
6061
6062
6065
6068
6069
6070
6071
6072
6073
6074
6077
6080
6081
6083
6084
6085
6089
6090
6091
6092
6093
6096
6100
6101
6102
6103
6105
6106
6107
6388
7844
7460
8019
6836
8392
8205
8211
6845
8328
8474
8487
8022
8666
7131
7559
7485
8877
6806
6995
7202
7832
7685
8377
7292
7463
7143
7527
7512
8477
7268
8292
7994
8807
7749
7898
8358
7799
8178
7155
8409
8249
7104
7585
7200
8202
7709
8352
8704
6786
7047
6807
8124
8139
7569
8489
7909
8327
8036
8458
7151
8694
7390
8577
6909
8621
7714
7425
7566
6983
8550
8585
8507
8446
8775
8419
8456
7688
7114
7169
8528
7118
8567
6809
7578
7060
7513
7752
8859
7601
8610
8865
7049
7903
6917
8341
6826
8115
7232
7501
7948
6946
7959
8084
8652
7455
8498
7222
8645
8870
7021
7178
6828
8579
6827
8103
6894
8233
7066
6982
7776
8565
6793
8571
6794
8781
6955
8331
7989
8184
8556
7318
8839
8689
8718
7324
7908
6928
8889
8762
7497
8310
8221
8629
8319
8620
7205
8533
7100
8754
8479
7739
8111
7017
7603
8278
6956
8394
7713
6800
7300
6844
7567
7581
7339
7089
7543
7524
7823
6941
8254
8434
7595
7920
7966
7148
8277
8447
8627
7971
8845
7393
6803
8656
7650
7769
7755
7558
8174
8562
7975
8721
6784
7214
8077
7960
7725
8600
8687
7620
7930
8288
7308
6859
7108
6988
7179
7107
7862
8644
8912
7146
8850
7848
8590
6796
8856
7361
7697
7492
8473
7423
8024
8289
8724
6926
8847
7419
7405
7298
8258
8709
7493
8171
6790
7506
8368
7309
7353
8403
6799
7033
8304
6818
7687
8338
8884
6801
6817
7680
7722
6833
6787
7691
6831
6829
8911
8020
8708
7189
7781
6973
7136
8411
8907
8248
8570
8381
8868
6792
8354
8264
7552
8806
7801
8471
7378
8342
7466
7854
8601
8152
7955
6821
8774
8408
8517
6798
7902
8492
7701
7878
8555
8337
8135
8234
8828
7986
7792
7480
8236
8393
8822
8415
8134
8737
6816
8070
6866
8745
6785
6835
8382
8854
6782
8784
6920
8521
7626
6808
8199
7789
8529
8848
6783
6791
7402
8797
7681
7004
8900
