          81
   0.0000000000000000        0.0000000000000000        0.0000000000000000        0.0000000000000000     
  -94.558366773861579       -409.12920638302910       -801.37691537208866       -596.07373946514087     
  -173.24264637918822       -676.85754501924293       -1134.0680982856977       -916.51613403935016     
  -219.11472525672005       -775.17121880321531       -1156.6053614292027       -972.80708649616759     
  -261.06081315421136       -843.17321308406702       -1107.9892684252941       -993.06341375783143     
  -305.65654137138603       -920.44240837320035       -1151.5285259769341       -1043.5706153416113     
  -350.81390751748330       -992.35550209093469       -1188.1517961841419       -1092.4560526812445     
  -396.91226191594524       -1063.6543700972345       -1237.1587577364605       -1144.7473153046142     
  -443.69729973933011       -1132.3136633119498       -1284.0857738776790       -1196.9447265673271     
  -491.39983687633446       -1200.6681881354061       -1338.6894881267121       -1252.1388511817063     
  -539.95651007842571       -1268.1043493656443       -1394.5970794175648       -1308.5265816556403     
  -589.40836541138356       -1335.2652864276624       -1453.2018981628798       -1366.4709037635910     
  -639.73352331023705       -1402.0946368676966       -1512.8771734569084       -1425.4249074210716     
  -691.80988951158474       -1472.5831201198398       -1580.5859027455529       -1490.7668115397692     
  -745.41114648844439       -1545.4002949797775       -1653.1563199895222       -1559.9267157589672     
  -800.18571380959895       -1618.7240993813302       -1725.9020536138580       -1629.7762389009049     
  -856.02065779750149       -1692.1715941210196       -1797.7136041111391       -1699.6829295118509     
  -912.90275271161011       -1765.8747164310371       -1869.4087218039072       -1769.9092317116413     
  -970.80199658646427       -1839.8417980122113       -1941.2951275652961       -1840.5349321494853     
  -1029.6919937435985       -1914.0842850454553       -2013.3414190993424       -1911.5545324972222     
  -1089.5496139333347       -1988.6177938152350       -2085.5589387986047       -1982.9776169977349     
  -1150.3467815279362       -2063.4676195624775       -2158.0077104433967       -2054.8405232630498     
  -1212.0764114249052       -2138.6457646279528       -2230.7105111184324       -2127.1527372717387     
  -1274.7116153643869       -2214.1912701665242       -2303.7232069609190       -2199.9573442093015     
  -1338.2331084949983       -2290.1083060615665       -2377.0285024767572       -2273.2552657797537     
  -1403.5417613300813       -2370.1365319900874       -2457.4540344481679       -2352.3403464466919     
  -1470.2658534540581       -2452.8583028240178       -2541.8907216195839       -2434.8345926585694     
  -1538.1376771544240       -2536.3104158338410       -2625.5452876960289       -2517.5162794253911     
  -1607.0503628419131       -2620.2559465925383       -2708.1824549936800       -2600.1834948525070     
  -1676.9794094741903       -2704.7509294564748       -2790.6988436269853       -2683.1381895037907     
  -1747.8921328128849       -2789.7565719645390       -2873.2799974052682       -2766.4377373048137     
  -1819.7607420801398       -2875.2584025026194       -2955.9593079314304       -2850.1051302264018     
  -1892.5538955222507       -2961.2629203810629       -3038.8494674506542       -2934.1967817474729     
  -1966.2712320262649       -3047.7843632167519       -3122.1119997082415       -3018.7820787448445     
  -2040.8766086957166       -3134.8248034324606       -3205.7667614819484       -3103.8815964852065     
  -2116.3527799726057       -3222.3954065802091       -3289.8799276888835       -3189.5317520533267     
  -2192.6802405568787       -3310.5083175186955       -3374.4976099290784       -3275.7578026090259     
  -2270.6870316236341       -3402.7482157426807       -3466.1657314548042       -3367.6760774058553     
  -2350.0935533340007       -3497.7079982425798       -3561.9378460956282       -3462.8927524385699     
  -2430.5785240501573       -3593.5306587283208       -3657.1875249312652       -3558.4103835966748     
  -2512.5255563826536       -3691.3409638044341       -3760.7755886963246       -3658.3201658676930     
  -2595.1485842527554       -3789.3306744548490       -3848.5497150364540       -3752.3492596612696     
  -2678.6510128300069       -3887.0486482130536       -3949.2002425451728       -3851.1570297950302     
  -2763.1627681224431       -3986.0411376656916       -4037.1996935845546       -3945.7382168177096     
  -2848.3154206552922       -4084.7006854356036       -4139.6221347847177       -4045.5913265212716     
  -2934.6191790943185       -4184.9643794405347       -4228.9503754387270       -4141.3167909415897     
  -3021.5456385828788       -4285.0740421679975       -4333.6667991340228       -4242.7983408819418     
  -3109.3547680688457       -4386.4624533703918       -4423.8670334325498       -4339.6593390465750     
  -3197.9850376969266       -4487.9847468899270       -4530.3108692838268       -4442.6220774839594     
  -3288.0918179724199       -4594.0072320944355       -4627.7643146417677       -4545.6663674292813     
  -3379.7748674240133       -4703.3647850961615       -4751.8926343647054       -4659.7085953307533     
  -3472.7798925787188       -4813.2945033504275       -4851.7901052479383       -4767.5661471015628     
  -3566.2106679273420       -4923.6349494648339       -4963.1768874095133       -4877.7880827890731     
  -3660.6218981253755       -5034.4141995251621       -5070.1908800019628       -4987.5913866160481     
  -3755.9771627585337       -5146.7204282561916       -5181.9107195617316       -5099.1648854446157     
  -3852.1745341731930       -5259.4528298635023       -5291.9134881685341       -5210.8742178591610     
  -3949.1790239614334       -5373.0912636092480       -5403.6782749301747       -5323.5232349395328     
  -4047.0215709530385       -5487.4896911827118       -5515.6899590385301       -5436.8731778800284     
  -4145.6509592050170       -5602.7596340173723       -5628.8706375074698       -5551.1405914706756     
  -4245.0559119496838       -5718.8124181374915       -5742.6351462968860       -5666.1755273571962     
  -4345.2280312353560       -5835.7564514314308       -5857.4583247915834       -5782.1520967660445     
  -4446.9035827367197       -5956.8406660049259       -5979.5528033923783       -5903.7475839245999     
  -4549.8070330771216       -6080.4832723784148       -6104.4930379652624       -6028.1953625518045     
  -4653.6831694155862       -6205.3738119442669       -6229.7309029286143       -6153.4116061396780     
  -4758.4295321112040       -6331.2190684276393       -6355.0370909979874       -6279.1992177915217     
  -4864.0330717319157       -6458.0441686998065       -6480.7611388618579       -6405.6605178263553     
  -4970.4716989649178       -6585.8532287517610       -6607.1364151394082       -6532.8807056678470     
  -5077.7191714804640       -6714.6341876480583       -6734.2469642416327       -6660.8885457303495     
  -5185.7544984764809       -6844.3924534455518       -6862.1981914761618       -6789.7260478095295     
  -5294.5589951049824       -6975.1425707896187       -6991.0728562634240       -6919.4303423462543     
  -5404.1133698910089       -7106.8938291665027       -7120.9220411707802       -7050.0211267081677     
  -5514.3996423475364       -7239.6598685991794       -7251.7933116511322       -7181.5162810436259     
  -5625.4010257607642       -7373.4582521671446       -7383.7357310329207       -7313.9316678077412     
  -5737.7420073855792       -7512.3201822061037       -7528.2301198723299       -7453.5604503784116     
  -5851.4746479815858       -7652.4106864439209       -7663.5469298264043       -7592.3223682695088     
  -5965.7165750989034       -7794.7232530780284       -7811.9926500173697       -7735.0981945842777     
  -6081.1450655012095       -7937.2525910731556       -7947.6527274933278       -7875.0599330585701     
  -6196.9838572287745       -8081.9712109704933       -8098.1120599390088       -8019.3478373981552     
  -6313.9595808575268       -8226.8112460670163       -8235.3478828163516       -8160.7749716434064     
  -6431.2648317570647       -8373.8564313736151       -8387.9256269976559       -8306.6665867541597     
  -6549.6930452257084       -8521.0854019295130       -8527.5000523144263       -8449.8557906332444     
