          41
   0.0000000000000000        0.0000000000000000        0.0000000000000000        0.0000000000000000     
  -94.558366773861579       -409.12920638302910       -801.37691537208866       -596.07373946514087     
  -173.24264637918822       -676.85754501924293       -1134.0680982856977       -916.51613403935016     
  -219.11472525672005       -775.17121880321531       -1156.6053614292027       -972.80708649616759     
  -261.06081315421136       -843.17321308406702       -1107.9892684252941       -993.06341375783143     
  -305.65654137138603       -920.44240837320035       -1151.5285259769341       -1043.5706153416113     
  -350.81390751748330       -992.35550209093469       -1188.1517961841419       -1092.4560526812445     
  -396.91226191594524       -1063.6543700972345       -1237.1587577364605       -1144.7473153046142     
  -443.69729973933011       -1132.3136633119498       -1284.0857738776790       -1196.9447265673271     
  -491.39983687633446       -1200.6681881354061       -1338.6894881267121       -1252.1388511817063     
  -539.95651007842571       -1268.1043493656443       -1394.5970794175648       -1308.5265816556403     
  -589.40836541138356       -1335.2652864276624       -1453.2018981628798       -1366.4709037635910     
  -639.73352331023705       -1402.0946368676966       -1512.8771734569084       -1425.4249074210716     
  -691.80988951158474       -1472.5831201198398       -1580.5859027455529       -1490.7668115397692     
  -745.41114648844439       -1545.4002949797775       -1653.1563199895222       -1559.9267157589672     
  -800.18571380959895       -1618.7240993813302       -1725.9020536138580       -1629.7762389009049     
  -856.02065779750149       -1692.1715941210196       -1797.7136041111391       -1699.6829295118509     
  -912.90275271161011       -1765.8747164310371       -1869.4087218039072       -1769.9092317116413     
  -970.80199658646427       -1839.8417980122113       -1941.2951275652961       -1840.5349321494853     
  -1029.6919937435985       -1914.0842850454553       -2013.3414190993424       -1911.5545324972222     
  -1089.5496139333347       -1988.6177938152350       -2085.5589387986047       -1982.9776169977349     
  -1150.3467815279362       -2063.4676195624775       -2158.0077104433967       -2054.8405232630498     
  -1212.0764114249052       -2138.6457646279528       -2230.7105111184324       -2127.1527372717387     
  -1274.7116153643869       -2214.1912701665242       -2303.7232069609190       -2199.9573442093015     
  -1338.2331084949983       -2290.1083060615665       -2377.0285024767572       -2273.2552657797537     
  -1403.5417613300813       -2370.1365319900874       -2457.4540344481679       -2352.3403464466919     
  -1470.2658534540581       -2452.8583028240178       -2541.8907216195839       -2434.8345926585694     
  -1538.1376771544240       -2536.3104158338410       -2625.5452876960289       -2517.5162794253911     
  -1607.0503628419131       -2620.2559465925383       -2708.1824549936800       -2600.1834948525070     
  -1676.9794094741903       -2704.7509294564748       -2790.6988436269853       -2683.1381895037907     
  -1747.8921328128849       -2789.7565719645390       -2873.2799974052682       -2766.4377373048137     
  -1819.7607420801398       -2875.2584025026194       -2955.9593079314304       -2850.1051302264018     
  -1892.5538955222507       -2961.2629203810629       -3038.8494674506542       -2934.1967817474729     
  -1966.2712320262649       -3047.7843632167519       -3122.1119997082415       -3018.7820787448445     
  -2040.8766086957166       -3134.8248034324606       -3205.7667614819484       -3103.8815964852065     
  -2116.3527799726057       -3222.3954065802091       -3289.8799276888835       -3189.5317520533267     
  -2192.6802405568787       -3310.5083175186955       -3374.4976099290784       -3275.7578026090259     
  -2270.6870316236341       -3402.7482157426807       -3466.1657314548042       -3367.6760774058553     
  -2350.0935533340007       -3497.7079982425798       -3561.9378460956282       -3462.8927524385699     
  -2430.5785240501573       -3593.5306587283208       -3657.1875249312652       -3558.4103835966748     
  -2512.5255563826536       -3691.3409638044341       -3760.7755886963246       -3658.3201658676930     
