         431
   0.0000000000000000        0.0000000000000000        0.0000000000000000        0.0000000000000000     
  -94.558366773861579       -409.12920638302910       -801.37691537208866       -596.07373946514087     
  -173.24264637918822       -676.85754501924293       -1134.0680982856977       -916.51613403935016     
  -219.11472525672005       -775.17121880321531       -1156.6053614292027       -972.80708649616759     
  -261.06081315421136       -843.17321308406702       -1107.9892684252941       -993.06341375783143     
  -305.65654137138603       -920.44240837320035       -1151.5285259769341       -1043.5706153416113     
  -350.81390751748330       -992.35550209093469       -1188.1517961841419       -1092.4560526812445     
  -396.91226191594524       -1063.6543700972345       -1237.1587577364605       -1144.7473153046142     
  -443.69729973933011       -1132.3136633119498       -1284.0857738776790       -1196.9447265673271     
  -491.39983687633446       -1200.6681881354061       -1338.6894881267121       -1252.1388511817063     
  -539.95651007842571       -1268.1043493656443       -1394.5970794175648       -1308.5265816556403     
  -589.40836541138356       -1335.2652864276624       -1453.2018981628798       -1366.4709037635910     
  -639.73352331023705       -1402.0946368676966       -1512.8771734569084       -1425.4249074210716     
  -691.80988951158474       -1472.5831201198398       -1580.5859027455529       -1490.7668115397692     
  -745.41114648844439       -1545.4002949797775       -1653.1563199895222       -1559.9267157589672     
  -800.18571380959895       -1618.7240993813302       -1725.9020536138580       -1629.7762389009049     
  -856.02065779750149       -1692.1715941210196       -1797.7136041111391       -1699.6829295118509     
  -912.90275271161011       -1765.8747164310371       -1869.4087218039072       -1769.9092317116413     
  -970.80199658646427       -1839.8417980122113       -1941.2951275652961       -1840.5349321494853     
  -1029.6919937435985       -1914.0842850454553       -2013.3414190993424       -1911.5545324972222     
  -1089.5496139333347       -1988.6177938152350       -2085.5589387986047       -1982.9776169977349     
  -1150.3467815279362       -2063.4676195624775       -2158.0077104433967       -2054.8405232630498     
  -1212.0764114249052       -2138.6457646279528       -2230.7105111184324       -2127.1527372717387     
  -1274.7116153643869       -2214.1912701665242       -2303.7232069609190       -2199.9573442093015     
  -1338.2331084949983       -2290.1083060615665       -2377.0285024767572       -2273.2552657797537     
  -1403.5417613300813       -2370.1365319900874       -2457.4540344481679       -2352.3403464466919     
  -1470.2658534540581       -2452.8583028240178       -2541.8907216195839       -2434.8345926585694     
  -1538.1376771544240       -2536.3104158338410       -2625.5452876960289       -2517.5162794253911     
  -1607.0503628419131       -2620.2559465925383       -2708.1824549936800       -2600.1834948525070     
  -1676.9794094741903       -2704.7509294564748       -2790.6988436269853       -2683.1381895037907     
  -1747.8921328128849       -2789.7565719645390       -2873.2799974052682       -2766.4377373048137     
  -1819.7607420801398       -2875.2584025026194       -2955.9593079314304       -2850.1051302264018     
  -1892.5538955222507       -2961.2629203810629       -3038.8494674506542       -2934.1967817474729     
  -1966.2712320262649       -3047.7843632167519       -3122.1119997082415       -3018.7820787448445     
  -2040.8766086957166       -3134.8248034324606       -3205.7667614819484       -3103.8815964852065     
  -2116.3527799726057       -3222.3954065802091       -3289.8799276888835       -3189.5317520533267     
  -2192.6802405568787       -3310.5083175186955       -3374.4976099290784       -3275.7578026090259     
  -2270.6870316236341       -3402.7482157426807       -3466.1657314548042       -3367.6760774058553     
  -2350.0935533340007       -3497.7079982425798       -3561.9378460956282       -3462.8927524385699     
  -2430.5785240501573       -3593.5306587283208       -3657.1875249312652       -3558.4103835966748     
  -2512.5255563826536       -3691.3409638044341       -3760.7755886963246       -3658.3201658676930     
  -2595.1485842527554       -3789.3306744548490       -3848.5497150364540       -3752.3492596612696     
  -2678.6510128300069       -3887.0486482130536       -3949.2002425451728       -3851.1570297950302     
  -2763.1627681224431       -3986.0411376656916       -4037.1996935845546       -3945.7382168177096     
  -2848.3154206552922       -4084.7006854356036       -4139.6221347847177       -4045.5913265212716     
  -2934.6191790943185       -4184.9643794405347       -4228.9503754387270       -4141.3167909415897     
  -3021.5456385828788       -4285.0740421679975       -4333.6667991340228       -4242.7983408819418     
  -3109.3547680688457       -4386.4624533703918       -4423.8670334325498       -4339.6593390465750     
  -3197.9850376969266       -4487.9847468899270       -4530.3108692838268       -4442.6220774839594     
  -3288.0918179724199       -4594.0072320944355       -4627.7643146417677       -4545.6663674292813     
  -3379.7748674240133       -4703.3647850961615       -4751.8926343647054       -4659.7085953307533     
  -3472.7798925787188       -4813.2945033504275       -4851.7901052479383       -4767.5661471015628     
  -3566.2106679273420       -4923.6349494648339       -4963.1768874095133       -4877.7880827890731     
  -3660.6218981253755       -5034.4141995251621       -5070.1908800019628       -4987.5913866160481     
  -3755.9771627585337       -5146.7204282561916       -5181.9107195617316       -5099.1648854446157     
  -3852.1745341731930       -5259.4528298635023       -5291.9134881685341       -5210.8742178591610     
  -3949.1790239614334       -5373.0912636092480       -5403.6782749301747       -5323.5232349395328     
  -4047.0215709530385       -5487.4896911827118       -5515.6899590385301       -5436.8731778800284     
  -4145.6509592050170       -5602.7596340173723       -5628.8706375074698       -5551.1405914706756     
  -4245.0559119496838       -5718.8124181374915       -5742.6351462968860       -5666.1755273571962     
  -4345.2280312353560       -5835.7564514314308       -5857.4583247915834       -5782.1520967660445     
  -4446.9035827367197       -5956.8406660049259       -5979.5528033923783       -5903.7475839245999     
  -4549.8070330771216       -6080.4832723784148       -6104.4930379652624       -6028.1953625518045     
  -4653.6831694155862       -6205.3738119442669       -6229.7309029286143       -6153.4116061396780     
  -4758.4295321112040       -6331.2190684276393       -6355.0370909979874       -6279.1992177915217     
  -4864.0330717319157       -6458.0441686998065       -6480.7611388618579       -6405.6605178263553     
  -4970.4716989649178       -6585.8532287517610       -6607.1364151394082       -6532.8807056678470     
  -5077.7191714804640       -6714.6341876480583       -6734.2469642416327       -6660.8885457303495     
  -5185.7544984764809       -6844.3924534455518       -6862.1981914761618       -6789.7260478095295     
  -5294.5589951049824       -6975.1425707896187       -6991.0728562634240       -6919.4303423462543     
  -5404.1133698910089       -7106.8938291665027       -7120.9220411707802       -7050.0211267081677     
  -5514.3996423475364       -7239.6598685991794       -7251.7933116511322       -7181.5162810436259     
  -5625.4010257607642       -7373.4582521671446       -7383.7357310329207       -7313.9316678077412     
  -5737.7420073855792       -7512.3201822061037       -7528.2301198723299       -7453.5604503784116     
  -5851.4746479815858       -7652.4106864439209       -7663.5469298264043       -7592.3223682695088     
  -5965.7165750989034       -7794.7232530780284       -7811.9926500173697       -7735.0981945842777     
  -6081.1450655012095       -7937.2525910731556       -7947.6527274933278       -7875.0599330585701     
  -6196.9838572287745       -8081.9712109704933       -8098.1120599390088       -8019.3478373981552     
  -6313.9595808575268       -8226.8112460670163       -8235.3478828163516       -8160.7749716434064     
  -6431.2648317570647       -8373.8564313736151       -8387.9256269976559       -8306.6665867541597     
  -6549.6930452257084       -8521.0854019295130       -8527.5000523144263       -8449.8557906332444     
  -6668.3626334520659       -8670.4786384106283       -8682.3843583126727       -8597.5140737140209     
  -6788.1505510283832       -8820.1629528653430       -8824.5947109868939       -8742.6538628876115     
  -6908.0947476550373       -8971.9830455777173       -8981.9870041666363       -8892.2779212238838     
  -7029.1529561634734       -9124.1931377036799       -9126.9729319064772       -9039.5365819130147     
  -7150.8967340239924       -9281.1763490718877       -9292.3398512162421       -9195.1628553477985     
  -7274.1643019067551       -9440.0149743494749       -9446.8153583085677       -9350.0554013911114     
  -7397.6283719609182       -9601.2181832205915       -9615.9515349043140       -9509.4383631771725     
  -7522.1988860333095       -9763.9288660660313       -9777.0622526907446       -9668.1081573037864     
  -7647.2811765797005       -9927.5959196340991       -9941.7446605397636       -9827.9911970743506     
  -7773.0069236638874       -10092.491392030177       -10105.342733825677       -9988.4180565846527     
  -7899.3720174262689       -10258.954682030404       -10271.791621607312       -10150.397229448725     
  -8026.3206064713304       -10426.670088216022       -10438.701744443208       -10313.343212942773     
  -8153.8633121324910       -10595.839400905290       -10607.310850846410       -10477.563339047581     
  -8281.9865501454387       -10766.393148648960       -10777.125070506891       -10642.967905456720     
  -8410.6821086708733       -10938.373223665289       -10948.343730782248       -10809.566306953833     
  -8539.9468812562554       -11111.774502351034       -11120.898453250567       -10977.328949923442     
  -8670.2979153616216       -11288.893095215148       -11299.436592478129       -11149.538776996475     
  -8801.5780800635366       -11468.671646929410       -11480.633746019605       -11324.196287441688     
  -8933.5748996079510       -11650.076405592776       -11662.662523897749       -11499.746219590683     
  -9066.2577764579346       -11832.967803746131       -11845.429007473425       -11676.044022041278     
  -9199.6351226691932       -12017.385218599195       -12029.296659592454       -11853.170200112276     
  -9333.6977706032012       -12203.280903769481       -12214.288747145827       -12031.093566400796     
  -9468.4471816181795       -12390.648357599506       -12400.490176934283       -12209.818645015901     
  -9603.8852558159233       -12579.471031630146       -12587.936811404676       -12389.346226479007     
  -9740.0154905428990       -12769.733985724775       -12776.638146817037       -12569.676409390233     
  -9876.8435082980614       -12961.423494488728       -12966.596163201519       -12750.817993610137     
  -10014.376564782442       -13154.524107428249       -13157.791766130656       -12932.783068243956     
  -10152.622261916324       -13349.019538244433       -13350.191436442055       -13115.587216524194     
  -10292.011453006269       -13546.742797598297       -13547.508459664745       -13301.933662160343     
  -10432.426987626130       -13746.820029725539       -13746.997624245892       -13490.262711598225     
  -10573.701640342024       -13948.371376493302       -13947.073273250884       -13679.351522420839     
  -10715.820487066700       -14151.265793364888       -14147.629590617747       -13869.152299207997     
  -10858.794975711409       -14355.503951937524       -14348.903833056544       -14059.779054515979     
  -11002.623604216111       -14561.024246312885       -14550.888208653249       -14251.262477143235     
  -11147.311764724791       -14767.799101197001       -14753.638351505157       -14443.652377692402     
  -11292.863239238972       -14975.794572339548       -14957.186896410713       -14636.991673747030     
  -11439.281115717087       -15184.981218265342       -15161.569727239546       -14831.313790947195     
  -11586.567866958176       -15395.330957034050       -15366.829033782235       -15026.647682958785     
  -11734.724836897651       -15606.817591217123       -15573.018205275603       -15223.016756682864     
  -11883.751959900977       -15819.417938432005       -15780.203021411524       -15420.436953809323     
  -12033.965128688465       -16034.514111421084       -15991.309657490752       -15620.949848886323     
  -12185.264961261593       -16251.445064728900       -16204.377351576377       -15823.361537231225     
  -12337.510738864972       -16469.548190527101       -16418.327643864606       -16026.729458754402     
  -12490.675503178121       -16688.738757095733       -16633.223092129265       -16230.991035205816     
  -12644.748447639282       -16909.033742078744       -16849.369034992505       -16436.200595206792     
  -12799.708272269216       -17130.413360354632       -17066.875547792843       -16642.352836553240     
  -12955.537316247386       -17352.889721659161       -17285.871439632094       -16849.459711966716     
  -13112.216636081954       -17576.475643386850       -17506.431816326174       -17057.530950017343     
  -13269.727073679436       -17801.192375956343       -17728.597501026576       -17266.578827816786     
  -13428.050039153710       -18027.065436092627       -17952.376483852295       -17476.621989232459     
  -13587.167122055491       -18254.123514128954       -18177.747570668362       -17687.683497754108     
  -13747.060881277890       -18482.397043226774       -18404.665417139367       -17899.792530569517     
  -13907.923836111186       -18712.839310460149       -18634.948036156202       -18114.320904529279     
  -14069.678934569933       -18945.056233353342       -18867.169627768741       -18330.519128586504     
  -14232.224190231838       -19178.641259568434       -19100.472326536736       -18547.803942321389     
  -14395.536920688632       -19413.563707871195       -19334.764636772314       -18766.173275411544     
  -14559.606936929660       -19649.849836890033       -19570.128036822054       -18985.703292526490     
  -14724.420879891739       -19887.493794039339       -19806.535737688886       -19206.425751181574     
  -14889.970262915213       -20126.500945578220       -20044.002418639095       -19428.378640143121     
  -15056.248418423907       -20366.870016129666       -20282.537454764461       -19651.590912724794     
  -15223.250336710471       -20608.596431761249       -20522.154208116437       -19876.081167132317     
  -15390.973250367191       -20851.673552587530       -20762.876317893679       -20101.861643383141     
  -15559.414391245311       -21096.096132053579       -21004.734762475753       -20328.938082479024     
  -15728.576845543110       -21341.854386516599       -21247.758393628392       -20557.305648295016     
  -15898.553259125061       -21589.368207274769       -21492.842875201972       -20787.569579035116     
  -16069.310630447910       -21838.437704256910       -21739.394084140789       -21019.359942558378     
  -16240.823291433106       -22088.862088261150       -21987.076436460826       -21252.364003959767     
  -16413.082248347921       -22340.615220223401       -22235.899722666793       -21486.549594135471     
  -16586.081241318687       -22593.699745260878       -22485.923451224869       -21721.909756361645     
  -16759.817627501183       -22848.111066303794       -22737.162525593831       -21958.427697287432     
  -16934.299367680571       -23103.854387843916       -22989.648723123926       -22196.091051108811     
  -17109.517705958300       -23360.933300537890       -23243.375863258301       -22434.895142108126     
  -17285.470260624821       -23619.352803014652       -23498.341361963136       -22674.838799223475     
  -17462.151460200359       -23879.117987273043       -23754.537732261626       -22915.928728501676     
  -17639.557205703939       -24140.232912227631       -24011.959833923760       -23158.178492535972     
  -17817.681089658970       -24402.700091212326       -24270.600624883482       -23401.609645671197     
  -17996.497065236941       -24666.433289768254       -24530.282586304587       -23646.125246193027     
  -18176.006435082028       -24931.468061529253       -24791.136726251814       -23891.831178163506     
  -18356.210678362488       -25197.839454002697       -25053.248117051073       -24138.823876149272     
  -18537.105596301251       -25465.534684936385       -25316.578139411838       -24387.129457069834     
  -18718.683160888322       -25734.551853953726       -25581.273426217940       -24636.817746575471     
  -18900.952060090451       -26004.883495472375       -25847.258294438172       -24887.898848470719     
  -19083.902357055922       -26276.507563964369       -26114.580044967006       -25140.403421191437     
  -19267.538134167520       -26549.407894591699       -26383.250871585395       -25394.339046774494     
  -19451.860320236592       -26823.569805982581       -26653.310442979691       -25649.710522493202     
  -19636.875948765308       -27098.977004158773       -26924.764947434960       -25906.502938388854     
  -19822.596291334565       -27375.611027723186       -27197.652130171220       -26164.688820057996     
  -20009.031456468805       -27653.471847102446       -27471.971760532237       -26424.221825882949     
  -20196.060022981339       -27931.931133808499       -27746.462077680910       -26684.152512216231     
  -20383.745588253096       -28211.252212669042       -28021.990389341601       -26944.928822886781     
  -20572.167272175804       -28491.712103141363       -28299.074704744289       -27206.882434223520     
  -20761.361717252785       -28773.320284539826       -28577.639313858352       -27469.935501071992     
  -20951.361303172354       -29056.056397456294       -28857.535317004433       -27733.981263457739     
  -21142.199805902474       -29339.901516846552       -29138.661607095619       -27998.923459633064     
  -21333.916860777823       -29624.835525785180       -29420.881581710626       -28264.686650510361     
  -21526.552395780640       -29910.822384304818       -29704.073114481394       -28531.199043803099     
  -21720.143613614426       -30197.821806404863       -29988.115368254839       -28798.410195996243     
  -21914.731307726972       -30485.791319687345       -30272.902855528573       -29066.293795118974     
  -22110.348714969019       -30774.675697188246       -30558.308600148324       -29334.837209530495     
  -22307.029682328630       -31064.421384596360       -30844.244422676140       -29604.054201332667     
  -22504.551625664248       -31353.848100347077       -31128.303562546469       -29872.347996282719     
  -22703.010135647524       -31643.412209595674       -31412.088929055575       -30140.715269546134     
  -22902.532134016463       -31933.593322949233       -31696.552688238728       -30409.979866273148     
  -23103.135428425823       -32224.413251188074       -31981.698175380901       -30680.270042679858     
  -23304.820004078574       -32515.830323257695       -32267.345552972623       -30951.611709767876     
  -23507.579334914277       -32807.847282902498       -32553.500745955978       -31224.090627836933     
  -23711.395845971063       -33100.466533311075       -32840.177015893365       -31497.782429146522     
  -23916.236215884157       -33393.701737843752       -33127.406142036416       -31772.758087080536     
  -24122.057946689703       -33687.591529929108       -33415.304548833374       -32049.108679966415     
  -24328.805973645900       -33982.183845047140       -33703.988201449545       -32326.906499520974     
  -24536.413104973304       -34277.552812369533       -33993.621003897693       -32606.232426145420     
  -24744.801460832328       -34573.788025323949       -34284.390881751729       -32887.161057825346     
  -24953.515521033700       -34869.359415693914       -34573.090134412356       -33167.373016483936     
  -25162.582420571060       -35165.115957290582       -34862.366440325051       -33448.303810549856     
  -25372.069614279611       -35461.971283285682       -35153.890754087370       -33731.089165839723     
  -25581.906771441201       -35760.135017686989       -35447.862602206791       -34015.773855039071     
  -25792.024514263889       -36059.737993796138       -35744.212822177396       -34302.245059379798     
  -26002.364761367222       -36360.925730215517       -36043.009582511164       -34590.393231305134     
  -26212.889568826380       -36663.830343114612       -36344.312969908722       -34880.095650203992     
  -26423.570537233820       -36968.542654650970       -36648.090628806356       -35171.158161274099     
  -26634.407250694741       -37275.155656002433       -36954.357058349728       -35463.426395783034     
  -26845.411136844064       -37583.711300505063       -37262.992058152493       -35756.699132973299     
  -27056.618831676282       -37894.232652062230       -37573.873039860526       -36050.817640043300     
  -27268.082720927938       -38206.702187288785       -37886.800026756195       -36345.637952957863     
  -27479.396666973556       -38518.931452968427       -38197.082031352787       -36637.955082953922     
  -27690.784440677788       -38831.790676257639       -38507.599146265733       -36929.508486001039     
  -27902.566432573527       -39146.174177887828       -38819.963982139408       -37221.743177453347     
  -28114.848471391600       -39462.033240757017       -39133.855204909094       -37514.758148205954     
  -28327.753866123156       -39779.205154980729       -39448.653304008774       -37808.536011050906     
  -28541.382308590124       -40097.532779012196       -39763.985216358691       -38103.119773951010     
  -28755.838056432629       -40416.873653857096       -40079.612120933147       -38398.608484398355     
  -28971.189044054128       -40737.054612503940       -40395.285896080801       -38695.028893525763     
  -29187.494339609875       -41057.969840401711       -40711.019890123287       -38992.494345935942     
  -29404.843956687448       -41379.372099617685       -41027.232815132753       -39290.950690301666     
  -29623.227296822046       -41701.843346022288       -41343.046308390221       -39591.020630362902     
  -29842.409193945223       -42024.568082604674       -41658.979327568435       -39891.786732904497     
  -30061.947828480395       -42345.450253758820       -41970.261317443794       -40189.840978364839     
  -30281.863850580554       -42665.601979009072       -42281.179312501881       -40487.368607741591     
  -30502.376339483220       -42986.521632992335       -42594.258445108520       -40786.189374049514     
  -30723.376026177484       -43308.411168833147       -42909.572464056138       -41086.285253197486     
  -30944.785345069358       -43631.426862230277       -43227.002753169458       -41387.511796368744     
  -31166.536985860253       -43955.781386485200       -43546.747517843593       -41689.866075730861     
  -31388.574334698191       -44281.600392645807       -43868.714017787359       -41993.275128373512     
  -31610.847847963727       -44608.978155705983       -44192.874293860288       -42297.705928079900     
  -31833.336291188280       -44937.953380785213       -44519.158555725669       -42603.149134658881     
  -32056.053794902527       -45268.530514718994       -44847.504478557697       -42909.660440358457     
  -32279.028989738305       -45600.656852106011       -45177.736537192010       -43217.328274332489     
  -32502.305542978924       -45934.234288760155       -45509.620276016649       -43526.256125302032     
  -32725.276364034209       -46266.058020961595       -45836.457261915129       -43832.100284622982     
  -32948.226545870362       -46597.335847240407       -46162.692872146414       -44137.572016507176     
  -33171.554491569615       -46929.386441213690       -46490.889974156256       -44444.934485866601     
  -33395.386163462274       -47262.146221862968       -46820.613570889545       -44754.313865385884     
  -33619.821407390453       -47595.442374413076       -47151.298621953923       -45065.620678233674     
  -33844.973694899934       -47929.208955706374       -47482.667043010770       -45378.859509327958     
  -34070.918677334725       -48263.322968206798       -47814.424235077218       -45693.853652991944     
  -34297.721259894533       -48597.747240615761       -48146.474753142698       -46010.439767779739     
  -34525.415465673410       -48932.468583925169       -48478.816423753269       -46328.418645734848     
  -34754.023578487831       -49267.530173078187       -48811.514561325610       -46647.573403722046     
  -34983.528777289597       -49603.005778069986       -49144.648456795177       -46967.680611527583     
  -35213.886061337384       -49939.015559387102       -49478.333400357347       -47288.507234940917     
  -35444.269538564229       -50272.209035175481       -49805.361567617852       -47604.800413132521     
  -35674.853172403375       -50604.301980112738       -50131.289254342541       -47919.340128925789     
  -35905.893252118585       -50937.174735120199       -50459.443913096198       -48234.538533655075     
  -36137.326589412070       -51271.083101083103       -50789.720676538091       -48550.363405896438     
  -36369.084303410797       -51606.167874572377       -51121.805423047568       -48866.721180724096     
  -36601.112368601738       -51942.617318068216       -51455.753299949029       -49183.710116629285     
  -36833.356397977543       -52280.513866514753       -51791.401683777920       -49501.383537535556     
  -37065.771672301817       -52619.904876973917       -52128.696204735810       -49819.826187074243     
  -37298.335025855995       -52960.793992482992       -52467.627926006709       -50139.151083388999     
  -37531.044279937116       -53303.162906374651       -52808.171750528731       -50459.496316746387     
  -37763.913044198438       -53646.956996331552       -53150.292907561998       -50780.955877660417     
  -37997.002286525290       -53992.085840275133       -53493.769145500992       -51103.568807336989     
  -38229.473739815665       -54334.603314093634       -53830.456384234691       -51421.849248782477     
  -38461.684354040030       -54676.103736804675       -54165.993066002709       -51739.000489194121     
  -38694.083753799845       -55018.364475568153       -54503.863748949530       -52057.797656936425     
  -38926.837873065117       -55361.344633246415       -54843.312133220774       -52378.150242073469     
  -39160.001687580385       -55704.926836011196       -55183.875209299091       -52699.885589254620     
  -39393.727734581684       -56049.101834628971       -55525.233604776906       -53022.998136505441     
  -39628.064765197407       -56393.761741309310       -55867.039402274298       -53347.316056045966     
  -39863.085363782004       -56738.854889108654       -56209.104477461908       -53672.698173536606     
  -40098.812119525959       -57084.339164697885       -56551.443778666762       -53999.047695531874     
  -40335.255856450385       -57430.234064805154       -56894.167918731218       -54326.307953430223     
  -40572.395228243840       -57776.578024226401       -57237.374184629785       -54654.435557397592     
  -40810.198825890126       -58123.414336357950       -57581.073036317168       -54983.310513945944     
  -41047.711296127120       -58466.634948502018       -57916.775568271187       -55306.926499843852     
  -41284.950133971251       -58808.243936541185       -58251.120145753848       -55628.756241801217     
  -41522.536531625730       -59150.331203158661       -58587.877104579529       -55951.663268794058     
  -41760.290415123120       -59493.189355646573       -58927.192515760311       -56275.874936109853     
  -41998.224203644801       -59836.867604946354       -59268.439466642281       -56601.102501509500     
  -42236.315101067572       -60181.537845353581       -59611.676183321695       -56927.427775272845     
  -42474.619331997295       -60527.207826752034       -59956.309912410674       -57254.584574390901     
  -42713.109442864617       -60873.905400008458       -60302.371491490587       -57582.645237759105     
  -42951.836723473520       -61221.588741370790       -60649.610603907560       -57911.439628710985     
  -43190.863265515734       -61570.238491673394       -60997.896096254895       -58241.016473851625     
  -43430.245377231047       -61919.782344946878       -61346.967585966529       -58571.349470682580     
  -43670.046345018571       -62270.135249878957       -61696.518657275177       -58902.390649010216     
  -43909.316726175392       -62616.707374190759       -62036.817931057434       -59227.588322344920     
  -44148.464343781809       -62961.415103681196       -62374.625823218608       -59550.733569331365     
  -44387.943135054724       -63306.374418187392       -62714.110508996186       -59875.029815417853     
  -44627.832708066227       -63651.685801623920       -63054.867226199451       -60200.524854545256     
  -44868.156259578936       -63997.309483034507       -63396.277337557069       -60526.984940533213     
  -45108.948208535570       -64343.344334640853       -63738.392485953002       -60854.397115025575     
  -45350.215252038070       -64689.832339811081       -64081.110384605097       -61182.649593399496     
  -45591.926089876324       -65036.821989021882       -64424.405073520393       -61511.589457105947     
  -45834.032458401678       -65384.373844283975       -64768.430971948204       -61841.125207817713     
  -46076.492571443006       -65732.583617632321       -65113.432269563396       -62171.255313741865     
  -46319.261598818463       -66081.547988976221       -65459.515996655893       -62501.999609179831     
  -46562.292292751081       -66431.324026045259       -65806.671160642640       -62833.339077174685     
  -46804.507261787883       -66777.220189918095       -66144.854510927558       -63158.389769421876     
  -47046.205104148175       -67121.360399011159       -66481.378684655007       -63481.173294548193     
  -47287.865062142744       -67466.056596279639       -66820.708684839483       -63805.110141980287     
  -47529.547271753268       -67811.448277015530       -67162.319593913431       -64130.262159424659     
  -47771.303810690115       -68157.462860765387       -67505.401945820704       -64456.378301044882     
  -48013.227158731352       -68504.149171050944       -67849.779349332384       -64783.459092080404     
  -48255.396815920729       -68851.453573796665       -68194.999864174431       -65111.379508352140     
  -48497.879743205762       -69199.303744748744       -68540.704875483105       -65439.994366937703     
  -48740.731195073953       -69547.612984421532       -68886.697396041607       -65769.188474297975     
  -48984.002828156365       -69896.352250918440       -69232.957874088432       -66098.964318342958     
  -49227.741681945437       -70245.487739130200       -69579.356532971724       -66429.325900150812     
  -49471.956752667182       -70594.990327267238       -69925.754892855723       -66760.236999556233     
  -49715.562560641702       -70939.929059392700       -70261.637263357363       -67084.509286761255     
  -49958.869403623597       -71282.490067848572       -70594.744289237758       -67406.305583669149     
  -50202.355000173593       -71625.109748905074       -70929.869609561021       -67729.170419285758     
  -50446.027338213011       -71967.998553724057       -71266.686311589699       -68053.160683992202     
  -50689.866506802653       -72311.166611177396       -71604.591402876162       -68377.986454107100     
  -50933.886196528307       -72654.777698554957       -71943.712227495722       -68703.661278737753     
  -51178.087836835708       -72998.897839145298       -72283.858713440495       -69030.084073158519     
  -51422.464078693476       -73343.557056829683       -72624.841418533179       -69357.111977886147     
  -51667.007260236671       -73688.741327847645       -72966.599609103680       -69684.628894816837     
  -51911.570231787700       -74034.393508915135       -73308.522942024691       -70012.407562481909     
  -52156.410550351065       -74380.536240056055       -73652.263937241369       -70340.669369800307     
  -52401.768467968584       -74727.557054458113       -73997.503917824462       -70670.123517988206     
  -52646.141390018842       -75069.946256869167       -74330.576493002649       -70992.604001418862     
  -52889.787327996200       -75409.587026149224       -74659.948913216474       -71311.816730462509     
  -53133.641045580160       -75749.455081077613       -74993.426278111947       -71632.406340770438     
  -53377.852578010548       -76089.652955511032       -75328.738008635351       -71954.448443279194     
  -53622.134899683719       -76429.916422058319       -75663.453958224316       -72277.180911926058     
  -53866.403268570190       -76770.150624365371       -75998.144265349576       -72600.205201277829     
  -54111.066708038583       -77110.687320394252       -76334.700561274221       -72923.939292501687     
  -54356.243886252036       -77451.683489365954       -76672.161608240916       -73248.570635331518     
  -54601.560714614927       -77792.914598071788       -77008.605945038173       -73573.502749681385     
  -54846.872121647953       -78134.183951578714       -77344.571913791675       -73898.204167871649     
  -55092.557462503843       -78475.911059787439       -77682.637420259445       -74223.411147916806     
  -55338.719038325471       -78818.305536630214       -78021.770261298574       -74549.498743744844     
  -55583.787009494059       -79155.887351278885       -78348.670022112681       -74868.207878633795     
  -55828.005580247074       -79490.710922717612       -78672.279418365797       -75183.534863449488     
  -56072.306812716131       -79825.861018397278       -79000.304949413141       -75500.186816717018     
  -56316.575697595363       -80161.187695513348       -79329.418451498772       -75817.665074428340     
  -56560.833435446926       -80496.703754719565       -79659.894934018070       -76135.923107286508     
  -56805.393445164329       -80832.800312084146       -79992.210187023986       -76455.454100405070     
  -57049.921508880318       -81169.005146391079       -80323.215473026605       -76775.152470099289     
  -57294.357636566157       -81505.030753202213       -80653.669646575232       -77094.518841448997     
  -57539.193523683032       -81841.575642077587       -80986.855246002713       -77414.723257769612     
  -57784.480830748027       -82178.414914594425       -81320.095394234610       -77735.456154005326     
  -58029.707189995301       -82515.059308601965       -81651.077636232541       -78055.857825795159     
  -58275.280248115494       -82851.851447435518       -81983.822195469431       -78376.656409665768     
  -58520.349339839770       -83184.119608280205       -82306.528482101785       -78691.163946933812     
  -58764.673814807727       -83513.249108407268       -82623.408155556172       -79002.047967710678     
  -59008.706882252540       -83841.734527707260       -82941.929089503610       -79313.206949260260     
  -59253.217450529664       -84170.805786132812       -83265.444343115058       -79626.552602524243     
  -59497.639645066389       -84499.764843923156       -83587.352960342338       -79940.287866506886     
  -59741.756046449103       -84828.166805344095       -83908.336279176976       -80253.484577086230     
  -59986.194275485715       -85157.234436502637       -84233.653537032194       -80568.074958708414     
  -60230.959036565939       -85486.719733854552       -84559.247891131148       -80883.413470950021     
  -60475.302842458390       -85815.622231567671       -84881.429491611794       -81197.489191853980     
  -60720.056574721973       -86145.033509737186       -85207.930979588171       -81512.461340973110     
  -60965.057866610798       -86475.311830258259       -85535.108387945729       -81828.925599832262     
  -61210.087725349964       -86805.473446940727       -85859.467175446145       -82144.773350800519     
  -61453.923751720511       -87129.947121376274       -86171.482755205681       -82451.774817315425     
  -61697.158594122164       -87451.746529575263       -86483.642869101604       -82756.260882863440     
  -61940.605414522783       -87774.197673233357       -86799.977423582488       -83063.323315332484     
  -62184.038489651088       -88096.418718057525       -87113.980399645021       -83370.782604884036     
  -62427.178687345353       -88417.495412038916       -87425.834705997782       -83676.763713694614     
  -62670.341692568138       -88738.411048367794       -87741.454435934531       -83983.340585739075     
  -62913.970427244851       -89060.426695355534       -88061.001231576403       -84292.676331307244     
  -63157.768271814915       -89382.627405297899       -88377.114393155265       -84602.263120805888     
  -63401.277975270372       -89703.547220885564       -88688.805054524099       -84909.356590433919     
  -63644.726596655200       -90024.026192604390       -89004.061516571426       -85216.035118560700     
  -63888.740808448441       -90346.047326745524       -89325.351075648388       -85525.967667935256     
  -64133.015139732306       -90668.669127580812       -89643.037917287962       -85836.747158621249     
  -64375.765710709908       -90984.889458557474       -89943.311206562750       -86137.000384734056     
  -64617.557823275667       -91297.396424950944       -90243.767214138017       -86432.737168114632     
  -64859.638845693735       -91611.433358076232       -90554.773873232392       -86733.043494822356     
  -65101.975637377269       -91926.450135370236       -90864.103373952545       -87035.895106405020     
  -65343.682654385470       -92239.604801566107       -91164.386557663995       -87335.297252726945     
  -65584.836872215004       -92550.884385376412       -91466.952140002890       -87631.787025870726     
  -65826.541277967292       -92864.261610239628       -91782.219372839914       -87933.353924913958     
  -66068.989276404041       -93179.457123673114       -92095.954180653192       -88238.651713126965     
  -66310.945838856715       -93492.801917464240       -92396.019137767478       -88539.539032101617     
  -66552.077380222137       -93802.812232240380       -92694.416149412587       -88834.586581170661     
  -66793.881601223606       -94115.116116565507       -93010.519683661099       -89135.148041960812     
  -67036.965076667679       -94430.624356635934       -93327.975785319781       -89442.260685548827     
  -67278.496818416199       -94739.536726914972       -93616.416861803300       -89738.122696340404     
  -67517.922682953678       -95040.517508129589       -93893.950927144499       -90021.170631870875     
  -67757.682604897767       -95342.999959495181       -94197.030028990717       -90309.692269363586     
  -67999.022836683420       -95651.005182918525       -94512.136223177280       -90610.783802071586     
  -68239.917092089498       -95957.401133293592       -94801.102069759465       -90908.182876455452     
  -68478.673791525100       -96256.572623483182       -95074.183157247680       -91191.237030589822     
  -68717.229220131921       -96555.893979223794       -95377.318452331296       -91476.721549280555     
  -68958.429053355430       -96864.365839244550       -95705.820643529310       -91781.098072090346     
  -69199.732473668759       -97172.227869486072       -95997.845851510603       -92083.298926319534     
  -69438.400104464003       -97471.126465529378       -96262.034276877923       -92365.439320110003     
  -69675.698697892120       -97766.508795493675       -96556.613150709760       -92643.187389906510     
  -69916.839257943459       -98074.851952393554       -96899.126807499764       -92948.493421078470     
  -70158.251428450138       -98380.152761421865       -97187.627571709119       -93250.146959526624     
  -70395.729130163556       -98673.143349317324       -97428.702093030050       -93524.917384573346     
  -70629.458488273624       -98955.297668383690       -97692.177072931954       -93782.235357441037     
  -70867.998743639371       -99253.602277751546       -98038.345128060537       -94077.202710462065     
  -71109.412724038993       -99558.096074205081       -98342.495921827576       -94386.150993600400     
  -71348.115472354039       -99855.502834073908       -98582.677551849629       -94673.249170262498     
  -71579.647464261929       -100129.31552798901       -98813.281224608101       -94916.120999220177     
  -71816.337079056742       -100419.89680485813       -99167.266795344694       -95200.599802530283     
  -72059.239187710802       -100728.98111688676       -99507.942524513579       -95523.981607771711     
  -72299.336803210856       -101031.77318502325       -99741.805301135755       -95825.193355956653     
  -72529.587572689226       -101299.67854471442       -99925.732214866948       -96054.867137115012     
  -72763.399918194933       -101581.44350630308       -100284.54309461892       -96322.171805621649     
  -73006.536699015152       -101891.35802130582       -100666.45537170002       -96652.664206097077     
  -73247.833154600128       -102192.07992902758       -100882.02428399888       -96959.981817905660     
  -73474.241942069071       -102450.42146768578       -100999.91463586419       -97172.443292702810     
  -73702.204595536808       -102710.64272570504       -101339.42892213371       -97404.553518902525     
  -73945.620365430237       -103022.37050735252       -101787.72941321292       -97751.152408145630     
  -74189.697674785813       -103327.03856329495       -101993.05916842533       -98080.199580493732     
  -74415.416474956437       -103586.58687207980       -102059.32463782660       -98284.800146815032     
  -74634.747036775065       -103816.84124249373       -102368.99657132733       -98471.484419474014     
  -74886.951866402349       -104157.68210212117       -102952.10401692940       -98883.020101591028     
  -75128.634948395484       -104452.48251501058       -103023.87821423661       -99190.162012994493     
  -75340.747807188018       -104668.86290627261       -102975.04917606340       -99313.431158631080     
  -75574.621007674767       -104961.48099356702       -103650.96008173174       -99623.714084833962     
  -75835.995604456781       -105293.20545793854       -104033.32865416327       -100049.62679504581     
  -76085.155669949381       -105630.10742869884       -104009.98103105497       -100405.14019681650     
  -76229.855841546014       -105598.49528860416       -103419.19323841404       -100054.41385059532     
  -76459.114386604095       -105896.12725068427       -104666.91527277484       -100437.61629029865     
  -76733.877422403893       -106307.21163515603       -105259.29826403000       -100994.84155022241     
  -76991.852113397399       -106683.54991463754       -105120.12748962227       -101485.55061526029     
  -77173.543459358712       -106799.84803933794       -104579.32366896947       -101295.27398839910     
  -77352.415885461392       -106888.81839175978       -105277.28206876440       -101344.71334285988     
  -77664.548697022081       -107458.85251337303       -106540.12632049322       -102124.36444434915     
  -77900.844468027644       -107712.64886824484       -106088.15599027480       -102452.61537094406     
  -78103.773028656200       -107927.29325939182       -105757.83102420962       -102446.54094186075     
  -78267.633614643579       -107934.58939309001       -106096.28485103388       -102372.15181095187     
  -78590.439425485427       -108551.09045895505       -107616.05775752421       -103223.33896981232     
  -78818.275262989890       -108769.74213842263       -107066.53049637539       -103488.75161617555     
  -79021.618466852538       -108967.79632801970       -106749.65703094302       -103472.79923800040     
  -79183.884338802731       -108984.34250822864       -107132.87841174257       -103414.59933825342     
  -79502.630797718564       -109584.17366685331       -108575.18511412517       -104248.48909652334     
  -79734.111330197586       -109803.24521278108       -108021.33317900600       -104527.45176476476     
  -79934.073738052612       -110007.32763446491       -107725.42801462380       -104507.06983564945     
  -80093.905936140683       -110011.35282054548       -108121.89724674974       -104432.36360262212     
  -80412.112679784710       -110610.81120710670       -109586.21000833635       -105270.38297525405     
  -80645.858642541338       -110817.11756994214       -108982.09045086846       -105540.80733341088     
