          21
   0.0000000000000000        0.0000000000000000        0.0000000000000000        0.0000000000000000     
  -94.558366773861579       -409.12920638302910       -801.37691537208866       -596.07373946514087     
  -173.24264637918822       -676.85754501924293       -1134.0680982856977       -916.51613403935016     
  -219.11472525672005       -775.17121880321531       -1156.6053614292027       -972.80708649616759     
  -261.06081315421136       -843.17321308406702       -1107.9892684252941       -993.06341375783143     
  -305.65654137138603       -920.44240837320035       -1151.5285259769341       -1043.5706153416113     
  -350.81390751748330       -992.35550209093469       -1188.1517961841419       -1092.4560526812445     
  -396.91226191594524       -1063.6543700972345       -1237.1587577364605       -1144.7473153046142     
  -443.69729973933011       -1132.3136633119498       -1284.0857738776790       -1196.9447265673271     
  -491.39983687633446       -1200.6681881354061       -1338.6894881267121       -1252.1388511817063     
  -539.95651007842571       -1268.1043493656443       -1394.5970794175648       -1308.5265816556403     
  -589.40836541138356       -1335.2652864276624       -1453.2018981628798       -1366.4709037635910     
  -639.73352331023705       -1402.0946368676966       -1512.8771734569084       -1425.4249074210716     
  -691.80988951158474       -1472.5831201198398       -1580.5859027455529       -1490.7668115397692     
  -745.41114648844439       -1545.4002949797775       -1653.1563199895222       -1559.9267157589672     
  -800.18571380959895       -1618.7240993813302       -1725.9020536138580       -1629.7762389009049     
  -856.02065779750149       -1692.1715941210196       -1797.7136041111391       -1699.6829295118509     
  -912.90275271161011       -1765.8747164310371       -1869.4087218039072       -1769.9092317116413     
  -970.80199658646427       -1839.8417980122113       -1941.2951275652961       -1840.5349321494853     
  -1029.6919937435985       -1914.0842850454553       -2013.3414190993424       -1911.5545324972222     
  -1089.5496139333347       -1988.6177938152350       -2085.5589387986047       -1982.9776169977349     
