         511
  -3.4861876113180773E-004  -1.1159673388635262E-004   1.8222622074860285E-005   7.7756237625102177E-005
 -0.98788229089387458       -2.2030405582629684      -0.88196396424489321       -1.0900254216361456     
  -1.3338592456509912       -2.5576508923703565      -0.86684956921690293       -1.1753026149116224     
  -1.6089991442335121       -2.7993015506003096      -0.83990896711771779       -1.1987842736086538     
  -1.8916672847220064       -2.9904384931699743      -0.79875794763474994       -1.2127154198797676     
  -2.1851335379723316       -3.2271611660204105      -0.84222988182359360       -1.2758782684889216     
  -2.4768630186624261       -3.4224249876857948      -0.85665775585272530       -1.3196082177614235     
  -2.7707436134323484       -3.6163867130801228      -0.88326596732577678       -1.3720729104152851     
  -3.0663263367302545       -3.7975486982119238      -0.90868760715622876       -1.4220983045865756     
  -3.3647458968983686       -3.9757310473222947      -0.93894417468724278       -1.4765415801925421     
  -3.6653900867791305       -4.1475971651273920      -0.96995251102099711       -1.5310883692659472     
  -3.9684032494364105       -4.3155674706567897       -1.0018445229073047       -1.5870736174718849     
  -4.2736828875480732       -4.4796874540203993       -1.0343863987798128       -1.6435407448447426     
  -4.5900845061091129       -4.6602781380277776       -1.0743419219971422       -1.7102135132239507     
  -4.9116516121182094       -4.8419876303201725       -1.1162045319166960       -1.7785867119431740     
  -5.2365712301045448       -5.0204859724566253       -1.1563081386021343       -1.8460830140079498     
  -5.5647174798063208       -5.1964348617410749       -1.1952629328538309       -1.9129561914788720     
  -5.8959540097885883       -5.3702714715960012       -1.2338416078089802       -1.9795696385471548     
  -6.2300541408480594       -5.5421197670837810       -1.2721341551932688       -2.0459838648193260     
  -6.5667635049577804       -5.7119257652305864       -1.3099981392076705       -2.1121258338620064     
  -6.9059075141804591       -5.8798543798576661       -1.3475090358508219       -2.1780488285625492     
  -7.2473299103232129       -6.0460589455499214       -1.3847210041457483       -2.2438035785608568     
  -7.5907833115349508       -6.2105275255788843       -1.4216396373544333       -2.3093904802506149     
  -7.9362175937992303       -6.3735269862768122       -1.4583225309713546       -2.3748838090119091     
  -8.2833980765454474       -6.5350348524513384       -1.4947401171951893       -2.4402622583894171     
  -8.6411820465501812       -6.7145523906994979       -1.5381582355978036       -2.5149908421710450     
  -9.0031676546979966       -6.8964489362936643       -1.5825649292824877       -2.5908892900391045     
  -9.3676276446057258       -7.0757108862244360       -1.6245115444533798       -2.6651200390391567     
  -9.7347949822526214       -7.2540437057867875       -1.6654716247775436       -2.7388161505845043     
  -10.104323447907708       -7.4311964071427354       -1.7060447008822446       -2.8121057012719071     
  -10.476010473910305       -7.6071367865058903       -1.7461406336619492       -2.8850468409346375     
  -10.849596543689101       -7.7817674988978798       -1.7857852790801680       -2.9576337738056617     
  -11.224871462016313       -7.9552126742191378       -1.8251137329402620       -3.0299785176609375     
  -11.601844189412162       -8.1275409503467966       -1.8642458388965686       -3.1021666470743052     
  -11.980173572554198       -8.2987649213841621       -1.9031682397614726       -3.1742026276412196     
  -12.359785861694192       -8.4689660715267507       -1.9419511967284595       -3.2461494382824609     
  -12.740513286249824       -8.6382060283802140       -1.9806244791723508       -3.3180296797716102     
  -13.130755494986813       -8.8251916182071479       -2.0261179876938717       -3.3989751669562467     
  -13.524448738142706       -9.0145330403761079       -2.0727079934981916       -3.4808711663732481     
  -13.919856547245086       -9.2017348446320195       -2.1170243272982385       -3.5613167994947945     
  -14.313530134262416       -9.4011726372504878       -2.1727684128482680       -3.6509063820033818     
  -14.723968969914239       -9.5767206112831911       -2.2005918222326795       -3.7200008371247786     
  -15.112718229683312       -9.7735052810906602       -2.2577089978289422       -3.8100681934856500     
  -15.529773011229501       -9.9468902128785288       -2.2853447112093832       -3.8781062800728945     
  -15.917913088030893       -10.140847887604057       -2.3425490032020715       -3.9679540717689217     
  -16.338393493182714       -10.312699889430940       -2.3700491180043537       -4.0356668191419933     
  -16.727617116229588       -10.505879564458615       -2.4282141070158856       -4.1260377725098056     
  -17.149641586633066       -10.675210358660296       -2.4547438093718377       -4.1931880701978503     
  -17.539829207099935       -10.867625453075156       -2.5134844742486036       -4.2838652034878919     
  -17.970517093768819       -11.052674999520498       -2.5460200631530374       -4.3594752876856893     
  -18.374374876889885       -11.272658208118207       -2.6207583736857729       -4.4649661461633912     
  -18.799993119856619       -11.454834325397879       -2.6474784263736573       -4.5396543043404494     
  -19.216931335239508       -11.662023986338136       -2.7050786592803400       -4.6325608414017845     
  -19.639363606873925       -11.854169142782988       -2.7483566246181006       -4.7163569074302183     
  -20.061141773929950       -12.054227466666667       -2.7975532609476748       -4.8045573368730849     
  -20.484183051237629       -12.249593776352031       -2.8441291569629996       -4.8905015986257219     
  -20.907301941107029       -12.446213188372052       -2.8915963896862777       -4.9774080234241875     
  -21.331094680229846       -12.641702496576466       -2.9386619346801086       -5.0639391834894241     
  -21.755013568567346       -12.837289831089262       -2.9860035747314710       -5.1508348890465463     
  -22.179058073757655       -13.032169765705479       -3.0331478509469134       -5.2376285400241169     
  -22.603174786290992       -13.227140493420881       -3.0805409624440716       -5.3247527559380412     
  -23.034928117334413       -13.439043865348379       -3.1348036356785034       -5.4204932512173860     
  -23.468090385430234       -13.651534482563939       -3.1883276534525264       -5.5161142484869421     
  -23.902355690465885       -13.864293738404871       -3.2410544918196544       -5.6113698074494618     
  -24.337268437140988       -14.076962123451386       -3.2934399394815768       -5.7064126072331227     
  -24.772723678702835       -14.289428239570928       -3.3454248393913697       -5.8012333412778032     
  -25.208581598639672       -14.501888064759987       -3.3973281287497623       -5.8960185156947915     
  -25.644631711802820       -14.714172426384341       -3.4491143885710427       -5.9907394341361844     
  -26.080761803516239       -14.926404183523015       -3.5008988642806189       -6.0854852557252723     
  -26.516835636442966       -15.138605515002743       -3.5527285136118398       -6.1802841486827287     
  -26.952728369019582       -15.350822780045700       -3.6046316188875993       -6.2751594792132348     
  -27.388324123408193       -15.563112363610717       -3.6566479293873395       -6.3701333886858489     
  -27.823518911109765       -15.775545345269880       -3.7088090345218943       -6.4652245462129887     
  -28.267562276087361       -16.010741164397889       -3.7737202529238001       -6.5723457137832497     
  -28.707901620356388       -16.230814004014320       -3.8207789618337840       -6.6689986815661531     
  -29.153542314965762       -16.471429566806982       -3.8902554079968881       -6.7782837387436183     
  -29.594213907933550       -16.689929016416322       -3.9341085472918653       -6.8729369793311417     
  -30.040158228739234       -16.932388945237673       -4.0044441395743124       -6.9824549962252451     
  -30.480508437178280       -17.151035237245157       -4.0479882176376201       -7.0765780245400460     
  -30.925797125158653       -17.394063311999354       -4.1183877208229411       -7.1859509408571682     
  -31.365278371042322       -17.613647263478526       -4.1624309886674622       -7.2801518267542109     
  -31.809207706733027       -17.857107467920098       -4.2329452680874571       -7.3894687999579345     
  -32.247250021483943       -18.077920089384715       -4.2776550307788463       -7.4840214896159951     
  -32.689261283049966       -18.322096850859214       -4.3484615381960383       -7.5935219479883642     
  -33.125309511981456       -18.544313025759628       -4.3938686712584820       -7.6886072111812114     
  -33.571163196020926       -18.803492696119719       -4.4707768671205788       -7.8054533133690622     
  -34.012161898161608       -19.041451134623781       -4.5213839271258971       -7.9076163607342798     
  -34.457598778306370       -19.302900224025521       -4.5975263858863462       -8.0244493025172083     
  -34.899713228694182       -19.548794883243577       -4.6532303813985472       -8.1302867138296655     
  -35.341403686475381       -19.803403434731667       -4.7192624902280675       -8.2417635284597743     
  -35.781968287646201       -20.054216691398139       -4.7803634522705245       -8.3504371322328517     
  -36.221654690780802       -20.308163845756610       -4.8440032682501997       -8.4609876790794427     
  -36.660044472384804       -20.561546710701606       -4.9068439018846615       -8.5710105382820245     
  -37.097286371964437       -20.816187990997435       -4.9701438435928491       -8.6816630218959716     
  -37.533300867217328       -21.071414849756394       -5.0336439978835141       -8.7925087416219956     
  -37.968035255444534       -21.327462649840697       -5.0972605012382859       -8.9036376486173623     
  -38.401525170056239       -21.584310437328938       -5.1611418437335308       -9.0150083880617160     
  -38.839085162305132       -21.853942621016980       -5.2300729077797730       -9.1324906338050358     
  -39.276561392874783       -22.124811350812610       -5.2983654613895927       -9.2497637711441865     
  -39.713593878680001       -22.396640922894036       -5.3663532089252781       -9.3667490846266617     
  -40.150213202865238       -22.669262610370442       -5.4341658518365774       -9.4834532310816755     
  -40.586422349174534       -22.942683308018786       -5.5019275839434645       -9.5999201342603158     
  -41.022183152909129       -23.216773802900352       -5.5697047977770771       -9.7161298941601704     
  -41.457526419899267       -23.491486658721183       -5.6375162177277538       -9.8320874789382611     
  -41.892477440823207       -23.766770911819762       -5.7054038004405179       -9.9478052807926396     
  -42.327070348989537       -24.042556278341355       -5.7733539069041617       -10.063281974935869     
  -42.761364132243514       -24.318798814575491       -5.8413739762587582       -10.178539837538921     
  -43.195416244554600       -24.595434356968063       -5.9094398718958825       -10.293595408660925     
  -43.629287525618281       -24.872404324363135       -5.9775289475635924       -10.408473899158974     
  -44.067367089252549       -25.159323287679292       -6.0495688234385883       -10.527989299737911     
  -44.506334152920267       -25.446777850308081       -6.1208543346160385       -10.647098707632589     
  -44.945920583154916       -25.734421029331809       -6.1916380774791628       -10.765795621371865     
  -45.386215822415252       -26.022082311952023       -6.2619943570535455       -10.884182249862944     
  -45.827225488933166       -26.309652873587932       -6.3319883949008329       -11.002340834751076     
  -46.268955513373875       -26.596981530681258       -6.4016684163256636       -11.120332767199985     
  -46.711435007076467       -26.883958037813340       -6.4710430102002769       -11.238206583718110     
  -47.154686740877771       -27.170497792260306       -6.5401616822213544       -11.356025719926517     
  -47.598721786922731       -27.456500128858860       -6.6090419853599025       -11.473821102922852     
  -48.043551027295912       -27.741891561396265       -6.6777269047541266       -11.591632086128470     
  -48.489174549252958       -28.026594480767056       -6.7462579218207512       -11.709482865189408     
  -48.935582529340302       -28.310550976637497       -6.8146887797094982       -11.827391005232595     
  -49.385996249076676       -28.601017372213789       -6.8860647227823435       -11.948974992282512     
  -49.837823304958803       -28.890912181159049       -6.9569166436894747       -12.070404496713941     
  -50.290752375384841       -29.180029794344723       -7.0275448766224144       -12.191660998403869     
  -50.744728104690338       -29.468306662966658       -7.0980951711498834       -12.312781704602818     
  -51.199607768516152       -29.755744958384525       -7.1687032589854640       -12.433789265413042     
  -51.655254448022674       -30.042350480435189       -7.2394758794742371       -12.554696734555746     
  -52.111536924073086       -30.328177231280563       -7.3104700554444015       -12.675511740405344     
  -52.568322085397689       -30.613306474684130       -7.3817414054710513       -12.796255236963830     
  -53.025475337625345       -30.897829458071200       -7.4532987858151953       -12.916941617103877     
  -53.482871480912110       -31.181859279140170       -7.5251410716542315       -13.037599687620800     
  -53.940385576230071       -31.465509169218898       -7.5972417502126328       -13.158258808141435     
  -54.397904424806029       -31.748897261012107       -7.6695610248800206       -13.278957952484788     
  -54.857450480848705       -32.036926518121057       -7.7440059339218505       -13.402106314223538     
  -55.317260627101717       -32.325077987005074       -7.8181962654476225       -13.525233700666092     
  -55.777082052278757       -32.613306992218739       -7.8922372415224311       -13.648378666552356     
  -56.236865576994482       -32.901638670971224       -7.9661252465503480       -13.771609650627241     
  -56.696512873668006       -33.190105564955573       -8.0398753226814783       -13.894988586143690     
  -57.155958058361207       -33.478713551517089       -8.1134937323247662       -14.018561389316853     
  -57.615152244766769       -33.767467041249866       -8.1869793907463553       -14.142362765120577     
  -58.074064754408262       -34.056367000472726       -8.2603525375140272       -14.266428362062440     
  -58.532672734101212       -34.345390138667803       -8.3336197853112068       -14.390770004018378     
  -58.990972560331933       -34.634514916955339       -8.4068051640190831       -14.515400259445050     
  -59.448959443878060       -34.923724300539597       -8.4799345462483711       -14.640319631354028     
  -59.906643519723104       -35.212990601473088       -8.5530223658296940       -14.765515990181839     
  -60.365007961899806       -35.504489271106515       -8.6269948279439639       -14.892057100228762     
  -60.823265857550574       -35.796099078395969       -8.7007986275060301       -15.018777880627329     
  -61.281458091066661       -36.087745343544945       -8.7745338610742305       -15.145637282628062     
  -61.739560223366340       -36.379417939418566       -8.8482255178777311       -15.272634728244931     
  -62.197493365001684       -36.671092983859417       -8.9218931522440545       -15.399742195929120     
  -62.655288557777865       -36.962787263858438       -8.9955599824058048       -15.526951039674730     
  -63.113013155908327       -37.254517735268735       -9.0692398129175267       -15.654240408988329     
  -63.570563475967212       -37.546301238174848       -9.1429248594425356       -15.781613645421864     
  -64.027968314480916       -37.838159144240883       -9.2166144740665441       -15.909067404639920     
  -64.485172209622291       -38.130111431989690       -9.2903036571283764       -16.036614845868101     
  -64.942166338882743       -38.422172291554602       -9.3639895469839658       -16.164273528815233     
  -65.398904002227013       -38.714350501512286       -9.4376680103470605       -16.292072152702612     
  -65.855154625408034       -39.006199314888697       -9.5111591991101356       -16.419826056506960     
  -66.311054383785915       -39.298132632527810       -9.5846844391442296       -16.547807986211403     
  -66.766575517353687       -39.590142947250506       -9.6582368170673121       -16.676062984198904     
  -67.221729983531901       -39.882141525115038       -9.7317706381996292       -16.804598820079871     
  -67.676406558652474       -40.174236512378556       -9.8054622551921593       -16.933548907696434     
  -68.130717560156342       -40.466250562822090       -9.8791449591005662       -17.062846193487577     
  -68.584598610825822       -40.758222021789507       -9.9529459025445259       -17.192574096772379     
  -69.038100945106905       -41.050041586718109       -10.026825834915396       -17.322703567235184     
  -69.491242626692042       -41.341698521985919       -10.100831988583623       -17.453248107575035     
  -69.944118377470161       -41.633133925513214       -10.174949126989736       -17.584169974365299     
  -70.396732175551250       -41.924298117425487       -10.249235602769101       -17.715440109562934     
  -70.849259159338445       -42.215184456031949       -10.323637260683244       -17.846977779565453     
  -71.300397699506391       -42.502636630105833       -10.396911041481198       -17.977168662207148     
  -71.751398570084390       -42.789610540579396       -10.470526726346506       -18.107568743783979     
  -72.202537622557657       -43.076177115189040       -10.544373074233812       -18.238061420064149     
  -72.654018746133943       -43.362276872447318       -10.618349490636575       -18.368525231169770     
  -73.106077556163228       -43.647900072915782       -10.692392634408703       -18.498852221837527     
  -73.558942903023876       -43.932960868581468       -10.766404061529707       -18.628921676438871     
  -74.012896674609706       -44.217410301566879       -10.840308816963319       -18.758666674184248     
  -74.468162988348851       -44.501116937858860       -10.914019344113330       -18.888001837015455     
  -74.925015605496583       -44.783969975877447       -10.987462829826264       -19.016890989796835     
  -75.383695085627679       -45.065821477041332       -11.060569980903924       -19.145314257646085     
  -75.844397705406678       -45.346509507388774       -11.133257454786333       -19.273270137967309     
  -76.307340130230273       -45.625871654737672       -11.205480989654315       -19.400791849047277     
  -76.770111439920242       -45.898007209264591       -11.274856464514770       -19.525104958760199     
  -77.234863369712016       -46.168296477005391       -11.344142707878875       -19.649272968335012     
  -77.701824198205998       -46.436765508152142       -11.413127480374690       -19.773391770608264     
  -78.171004327791422       -46.703385866668896       -11.481766831193333       -19.897518846315641     
  -78.642368814667407       -46.968118753956610       -11.549998775101157       -20.021727435002031     
  -79.115828085370197       -47.230995579505631       -11.617824096476015       -20.146102012738496     
  -79.591209946718152       -47.492094232669459       -11.685285734078589       -20.270744369815212     
  -80.068234270817086       -47.751486558334875       -11.752397009631860       -20.395722982070282     
  -80.546591642782388       -48.009383819203194       -11.819276999616099       -20.521156693961458     
  -81.025846169583147       -48.265981403042829       -11.885992352298198       -20.647110229432229     
  -81.505516002644939       -48.521585340527011       -11.952673976131768       -20.773685032436351     
  -81.985051943439856       -48.776538466802222       -12.019451509169812       -20.900951714585116     
  -82.460147870759954       -49.022905138141702       -12.083052617967164       -21.024858634337335     
  -82.933212765067694       -49.269094862713430       -12.147702854576016       -21.149834504133569     
  -83.403898697629785       -49.515818541825254       -12.213203274047419       -21.275856472535896     
  -83.871670356481573       -49.763547674946537       -12.279628271818892       -21.402845178718252     
  -84.336168256323020       -50.012818069758545       -12.346971604064002       -21.530694142699460     
  -84.797047758534731       -50.263992631561834       -12.415228176226654       -21.659219843292036     
  -85.254172450306669       -50.517537305356150       -12.484467882935744       -21.788302648921579     
  -85.707408280911338       -50.773623268996054       -12.554600842202738       -21.917657557215254     
  -86.156887235829316       -51.032554933115939       -12.625660196023425       -22.047149650700881     
  -86.602761442777407       -51.294335190005221       -12.697503442952900       -22.176503969558947     
  -87.045387721901761       -51.558994369543115       -12.770050145083500       -22.305578629162600     
  -87.485202130275468       -51.826364290424195       -12.843133199936814       -22.434206381845716     
  -87.917978207910863       -52.085373898290825       -12.912163179317501       -22.556964444238570     
  -88.348132967534497       -52.346023787558174       -12.982217981432994       -22.679481094610185     
  -88.776799671667746       -52.608168593569701       -13.052665027294067       -22.801735533919970     
  -89.204562433904428       -52.871301255773531       -13.123224906937082       -22.923729026627484     
  -89.632364519196443       -53.134985697194502       -13.193567406047388       -23.045517228988974     
  -90.060770198641222       -53.398550907358079       -13.263416444256229       -23.167108659054605     
  -90.490512985418363       -53.661634998087031       -13.332710235801130       -23.288690225681059     
  -90.921921114914937       -53.923584356316688       -13.401241482389187       -23.410221665363068     
  -91.355439336220940       -54.184220207985291       -13.469132688609387       -23.531909495780980     
  -91.790568471123990       -54.442536403449125       -13.536632389556605       -23.653778378981695     
  -92.228789671505780       -54.700682522497146       -13.602654859370235       -23.775948014885000     
  -92.667701091807672       -54.956272788312305       -13.668961470931480       -23.898070525035749     
  -93.102646823590021       -55.197811149676355       -13.729424776543942       -24.013850741288859     
  -93.536716284406467       -55.437769302597189       -13.791365559716224       -24.130173303435747     
  -93.970412663065019       -55.677554420396078       -13.854028871846475       -24.247100185908554     
  -94.402518668721726       -55.917256690118293       -13.917429571710938       -24.364247866285375     
  -94.832830721901644       -56.157782443012387       -13.981675986239122       -24.481679450834672     
  -95.260824634003512       -56.399636375098666       -14.046779113769979       -24.599309266393043     
  -95.686215644127842       -56.643220508883722       -14.112674655943563       -24.717075609133879     
  -96.108743164975763       -56.888729140765179       -14.179325339144876       -24.834957650269246     
  -96.528380431414277       -57.136212749774074       -14.246689083628834       -24.952939859668390     
  -96.945333740806390       -57.385634196833735       -14.314699560858337       -25.071134076441361     
  -97.359848886901062       -57.636693367557790       -14.383207233302045       -25.189631046678834     
  -97.772294512359395       -57.889004937702310       -14.452045070274627       -25.308560170753104     
  -98.176459249751275       -58.126627823350283       -14.514757138579935       -25.420441059683998     
  -98.578344097659269       -58.363822008206192       -14.578800491500498       -25.533544077959895     
  -98.979200212961075       -58.600532619136096       -14.643400708748961       -25.648008459728178     
  -99.379547684408536       -58.836062883666052       -14.708099963271803       -25.763639737645136     
  -99.780231808216755       -59.070166504208572       -14.772775198436676       -25.880506900427900     
  -100.18193673699814       -59.302533927482870       -14.837144106277753       -25.998475160764109     
  -100.58508628810469       -59.532895734992287       -14.901119350665203       -26.117372060305193     
  -100.99007444365873       -59.761145954538073       -14.964616329180810       -26.236956857735507     
  -101.39703644162431       -59.987376810298215       -15.027698590861968       -26.357002507675929     
  -101.80607971836041       -60.211802402665029       -15.090407669419392       -26.477247623609426     
  -102.21695182404510       -60.434741885675805       -15.152803820333791       -26.597435292831740     
  -102.62930210575543       -60.656671108506686       -15.214980806280748       -26.717301408547446     
  -103.03503825550139       -60.860637532739716       -15.269922786916638       -26.828045281774934     
  -103.43989491054113       -61.063966285798308       -15.326403235001344       -26.938750885213651     
  -103.84381399451938       -61.267849633269186       -15.383756651730719       -27.049363461929961     
  -104.24611608581201       -61.472607551638511       -15.441762764764238       -27.159571509578189     
  -104.64651291455498       -61.678965315041935       -15.500455371688620       -27.269502733840643     
  -105.04463205680842       -61.887329803678405       -15.559746309890027       -27.379207552520594     
  -105.44017309262470       -62.097922861474032       -15.619563053699192       -27.488791843237138     
  -105.83289282523417       -62.310783741503549       -15.679854904069536       -27.598342706697252     
  -106.22272690548188       -62.525865029531886       -15.740638284476926       -27.708013634910802     
  -106.60977074685280       -62.743056792795230       -15.801885289024122       -27.817957637036294     
  -106.99417172227099       -62.962085619612736       -15.863550849216667       -27.928289555386016     
  -107.37647767444874       -63.182553712421914       -15.925438434993289       -28.038976639077283     
  -107.74818969428799       -63.384960284094340       -15.979783820194918       -28.140742589637505     
  -108.11707139262705       -63.587265631326510       -16.035808132311143       -28.243573076549289     
  -108.48407495830472       -63.789862123618995       -16.092757199007302       -28.347643497958860     
  -108.85024077062644       -63.991916923019879       -16.149827936530599       -28.452285128608324     
  -109.21583057218626       -64.193552738019349       -16.207177854751098       -28.557783239206525     
  -109.58199911210913       -64.394451587193217       -16.264328112286563       -28.663794418114911     
  -109.94889188719060       -64.594427974647701       -16.321241603085081       -28.770302142978743     
  -110.31700394407862       -64.793244366398071       -16.377728782576632       -28.877042994268674     
  -110.68635031118990       -64.990876350918683       -16.433908789978215       -28.983969837615145     
  -111.05699344978009       -65.187463583547540       -16.489846627166358       -29.091026074084297     
  -111.42868234378862       -65.383159937293470       -16.545600723407500       -29.198156372675829     
  -111.80121308533614       -65.578129044628369       -16.601177568269474       -29.305199402432976     
  -112.16510545526731       -65.751886738438913       -16.648422781683372       -29.402089084323180     
  -112.52550335489541       -65.924936207467738       -16.697672183434566       -29.499627389896396     
  -112.88592220240236       -66.098044899868370       -16.747955516481120       -29.597790635419070     
  -113.24308179713069       -66.271698031421337       -16.799279050331734       -29.696492173330430     
  -113.59860477267381       -66.446252316351320       -16.851381585933343       -29.795509937436019     
  -113.95159868413973       -66.622146687196860       -16.904240505696151       -29.894976447545876     
  -114.30306127037279       -66.799283765949738       -16.957425424833229       -29.994460817878462     
  -114.65233972253924       -66.977768165391623       -17.011070412883413       -30.094234647351360     
  -115.00023290372329       -67.157322465502986       -17.064922397610928       -30.193947523885939     
  -115.34701723578576       -67.337893685050673       -17.118915852958754       -30.293771695637201     
  -115.69314100425804       -67.519216548495777       -17.172902033482533       -30.393644248425819     
  -116.03902412591003       -67.700933620866408       -17.226629265744691       -30.493486259596779     
  -116.37505548937318       -67.860463083976541       -17.270994947668843       -30.582340746872223     
  -116.71013031901389       -68.018957787696962       -17.316869222673748       -30.671968793798371     
  -117.04456522002152       -68.176939771543800       -17.363359149791712       -30.762411261040537     
  -117.37884344033559       -68.334109537488459       -17.409940478847680       -30.853258259732325     
  -117.71307506562324       -68.490759387567564       -17.456623423764839       -30.944525118797579     
  -118.04751742193864       -68.647064270046471       -17.503315083381267       -31.036094078191002     
  -118.38208987003776       -68.803243294212336       -17.550007672827824       -31.127879760281949     
  -118.71650697819182       -68.959400524788023       -17.596662925291277       -31.219656415980033     
  -119.05047907683587       -69.115784956491254       -17.643454835069264       -31.311379703182901     
  -119.38373000005768       -69.272752800622101       -17.690529349749252       -31.403078565312846     
  -119.71597061782522       -69.430579988679554       -17.737908709752997       -31.494775880194776     
  -120.04689129012293       -69.589394487130420       -17.785566770108222       -31.586424147993274     
  -120.36603286330073       -69.725899618715857       -17.824014634097690       -31.666524191099100     
  -120.68156315008687       -69.862575668318314       -17.864813170293697       -31.747482591713766     
  -120.99454855031425       -70.000245786172840       -17.906990330802813       -31.829372928929022     
  -121.30492925859150       -70.138555717579521       -17.949913238360747       -31.911767700478634     
  -121.61338500433085       -70.277665472354983       -17.993460739879595       -31.994675570093790     
  -121.92049533148226       -70.417519339772184       -18.037366431006166       -32.077999626491952     
  -122.22680796405761       -70.557951632371768       -18.081390315508695       -32.161625687910629     
  -122.53273081732036       -70.698629133481745       -18.125280609326168       -32.245347159247594     
  -122.83862304666744       -70.839302232127920       -18.168991490238803       -32.329077833590098     
  -123.14483417735211       -70.979919348639811       -18.212529203306353       -32.412867914245119     
  -123.45161829776812       -71.120394845178097       -18.255779377695180       -32.496698163460216     
  -123.75893953095652       -71.260623700787150       -18.298658114696806       -32.580521735031382     
  -124.05611079682679       -71.376302940693293       -18.331333385021086       -32.652360413330015     
  -124.35150260257134       -71.490777033559354       -18.365909728580760       -32.725079736144842     
  -124.64601477556926       -71.605066708584957       -18.401461836667444       -32.798723882143157     
  -124.93910944788966       -71.719074776432009       -18.437504390274945       -32.872850486886932     
  -125.23097249593688       -71.833281810988552       -18.474061923051885       -32.947426455349841     
  -125.52163244444921       -71.948040164912769       -18.511080827212641       -33.022392494480371     
  -125.81113011682402       -72.063582537497467       -18.548464510053005       -33.097659503249858     
  -126.09939323487600       -72.179869653324275       -18.586043731835225       -33.173014600747656     
  -126.38641182116494       -72.296853277815671       -18.623854568975030       -33.248370599516946     
  -126.67194995462243       -72.414354590775076       -18.661601397233738       -33.323374039640171     
  -126.95679062664905       -72.532788375277732       -18.700578140671198       -33.398889081392852     
  -127.24184409199644       -72.652807731306666       -18.739393193248873       -33.475141309821140     
  -127.51458630416860       -72.747498539402770       -18.766646223274119       -33.538278284660606     
  -127.78460071071869       -72.840713600258155       -18.796256163408454       -33.602078180641946     
  -128.05406886352512       -72.935194521503419       -18.828366637948367       -33.667702460285810     
  -128.32252832929063       -73.029147574787146       -18.860018889601427       -33.733866946708858     
  -128.58992439763901       -73.122676059134349       -18.891297458528612       -33.800053844549062     
  -128.85633148713896       -73.215790638897886       -18.922904756534336       -33.866334844473123     
  -129.12313484857603       -73.309750059642880       -18.955618022492978       -33.933344175649424     
  -129.39010152961200       -73.404178018512368       -18.987860280777660       -34.000659260804362     
  -129.65620173004427       -73.498405267212178       -19.019246741512699       -34.067394797388744     
  -129.92127929621375       -73.592458040654535       -19.050807508225990       -34.133694498146887     
  -130.18657459140516       -73.687944373272430       -19.083751806408046       -34.200640276735236     
  -130.45177399142887       -73.784590740403658       -19.116247646127970       -34.267910798760418     
  -130.70418201081026       -73.855796000394562       -19.137393739407521       -34.321847313130490     
  -130.95320483660899       -73.926020754123542       -19.161291644210724       -34.376477489465650     
  -131.20114236541329       -73.998328187426921       -19.187851653454263       -34.432928131540130     
  -131.44622146770720       -74.069685511534971       -19.213607684725943       -34.489044980260196     
  -131.69002995224727       -74.142238400429349       -19.240930281014133       -34.546191565120971     
  -131.93363148653572       -74.216480382231978       -19.268655772851087       -34.604425717445082     
  -132.17530484936211       -74.289754128714506       -19.294890022266319       -34.661728459582498     
  -132.41595251322786       -74.362607630800184       -19.321627467897400       -34.718697216534615     
  -132.65757771093973       -74.437803824600721       -19.350237403452972       -34.776910245172992     
  -132.89908361229598       -74.512510591982419       -19.377318279154863       -34.834740044730040     
  -133.13952894642603       -74.585947243555736       -19.403291286440052       -34.891491757973334     
  -133.38097350007584       -74.660817452913307       -19.431291879334637       -34.949398448494435     
  -133.61267122177210       -74.711692698031712       -19.448212918269007       -34.995609376637674     
  -133.84037312297889       -74.758993491519632       -19.465106303004831       -35.040923950909125     
  -134.06652957484357       -74.805847182037297       -19.484357686135485       -35.087393443952813     
  -134.29366125771625       -74.855862468742515       -19.506276409271312       -35.136531174186089     
  -134.51780524197503       -74.903620750523487       -19.525417951816433       -35.184415588747513     
  -134.73968905685712       -74.950256400183974       -19.545355476924250       -35.231817901683392     
  -134.96264772945108       -75.000940389380077       -19.568683788686482       -35.281574472032993     
  -135.18474570116942       -75.051648426359193       -19.590044727802084       -35.330923174329804     
  -135.40295263233224       -75.099473148217285       -19.609535413532164       -35.377874528250366     
  -135.62335420355012       -75.151713109537582       -19.633495409426978       -35.427435466816924     
  -135.84337678311152       -75.205679400225620       -19.655923822322269       -35.477600556581613     
  -136.06214392107009       -75.258527385893430       -19.676332424553770       -35.526276131800742     
  -136.26762732636638       -75.283895038700635       -19.686181539670425       -35.560671763846216     
  -136.47174213043814       -75.310500992975918       -19.701349367006777       -35.597626786590226     
  -136.67688857372036       -75.340799215685095       -19.718161284151105       -35.637813070422382     
  -136.87952413818252       -75.368418404604583       -19.731588130690266       -35.676670825077487     
  -137.07875472705166       -75.392513481400513       -19.744753067106757       -35.713531767506282     
  -137.27809386243595       -75.418426130684779       -19.761704124305655       -35.752115722620836     
  -137.48018347996745       -75.449605814530585       -19.780426029632078       -35.794345279837003     
  -137.68077733737547       -75.479507792426148       -19.794887289269443       -35.834990011166262     
  -137.87758540489162       -75.504294832600920       -19.807252988946178       -35.872003971690795     
  -138.07389904681696       -75.530350018376708       -19.824154231192203       -35.909893734403866     
  -138.27430627056276       -75.564093315673972       -19.844493256935014       -35.952664547637625     
  -138.47344803936750       -75.597391462878818       -19.859552539263817       -35.994265065810218     
  -138.65666592848430       -75.599829855727094       -19.860903265603032       -36.018756230131380     
  -138.83669215590186       -75.600683189007029       -19.869382352096331       -36.043997165307275     
  -139.01987018049971       -75.611644185538609       -19.884763022438062       -36.076778703468300     
  -139.20238951365141       -75.623193066852338       -19.894806592817815       -36.109975254475927     
  -139.37789116449511       -75.626185337399605       -19.898953694987153       -36.137074912211482     
  -139.54999472871856       -75.625725701611628       -19.908510957312171       -36.162188720297060     
  -139.72800559298673       -75.638703749316335       -19.927469414328485       -36.196695022974154     
  -139.90883449671330       -75.654980126216770       -19.940263281855227       -36.232959567231788     
  -140.08235236304364       -75.660937596630674       -19.942943251363872       -36.260781092251456     
  -140.25004704298865       -75.657272096127571       -19.949558265567088       -36.282890415984667     
  -140.42603797342991       -75.671071528241569       -19.971019674864699       -36.316925762214723     
  -140.60899632756124       -75.693062807713204       -19.986422201726054       -36.356301992039576     
  -140.77214653928303       -75.678706880261259       -19.977141770727759       -36.374121547645053     
  -140.92317561098338       -75.645414631711517       -19.970566905421084       -36.381148511966508     
  -141.08276688978361       -75.631686904601239       -19.987266541271897       -36.402907599257709     
  -141.25231309837983       -75.636703024001193       -20.003485328227367       -36.438627454628332     
  -141.41171159561941       -75.625365177656036       -19.995080102250714       -36.461372019477110     
  -141.55403570222774       -75.588199852731634       -19.984503089080416       -36.466342026071999     
  -141.70233004984249       -75.567664370166696       -20.003799326737845       -36.484103379112852     
  -141.87233713676957       -75.585195617689564       -20.032002771702537       -36.527478119688880     
  -142.03201590588267       -75.581680128478283       -20.021248355526982       -36.554978675690329     
  -142.16952567555700       -75.545019960258486       -20.003537623920305       -36.556335480958595     
  -142.30453988957882       -75.511340996457207       -20.019216685103565       -36.563172901037518     
  -142.47706798085505       -75.541260415050814       -20.062962638330816       -36.613551387552334     
  -142.63316298366533       -75.525610712052696       -20.042275712103006       -36.637523341123902     
  -142.75722598887216       -75.471665080245359       -20.007706049571080       -36.628813587076408     
  -142.86130125392131       -75.388713989198678       -20.003827341211771       -36.607390121058131     
  -143.02110840452474       -75.402746967675228       -20.062260603859304       -36.654920286615329     
  -143.18113176864117       -75.400679083494722       -20.050568875253667       -36.694242242689825     
  -143.31272962052066       -75.368661858034571       -20.010321813151940       -36.698717561512900     
  -143.38966621382974       -75.241646555578299       -19.979652666638685       -36.647718810123784     
  -143.54233469435630       -75.248851178121981       -20.060323023433064       -36.692819762014452     
  -143.71840929327979       -75.281790736592470       -20.072741345830909       -36.758319226267538     
  -143.85458290179488       -75.268081737429469       -20.015670744066256       -36.774706197291955     
  -143.91394546179444       -75.108312109298808       -19.949780713527172       -36.696219250925857     
  -144.04506549046801       -75.096658165188643       -20.053387268503972       -36.726367026633142     
  -144.23258277903014       -75.152028407135631       -20.094653517202694       -36.812088366462170     
  -144.37267768089333       -75.126172870418841       -20.006787616957773       -36.830586288102431     
  -144.39150995463098       -74.932713441889504       -19.895200830177643       -36.723431829620672     
  -144.48420643269208       -74.843104072204909       -20.005903600236891       -36.710141322733811     
  -144.69269751181264       -74.955479753527555       -20.106951918816367       -36.844485541983168     
  -144.84739303055295       -74.930329500030496       -19.979826522914959       -36.878274676386340     
  -144.85177361950062       -74.750664112589007       -19.840186822780165       -36.750503106197783     
  -144.87263865775998       -74.528857670655412       -19.943964643141342       -36.674251262730820     
  -145.19496379687652       -74.848294845198666       -20.171520209313929       -36.946198113722929     
  -145.27114947722907       -74.679245406446981       -19.855977129646764       -36.881304831780540     
  -145.18024745192906       -74.365726424147823       -19.695168671905183       -36.660575474401611     
  -145.39330352163225       -74.541341452950718       -20.169235878529829       -36.838731946685378     
  -145.69903432505291       -74.606508872159040       -20.018859163379769       -37.014950614002288     
  -145.86852361310142       -74.814209771061172       -19.808888895479864       -37.079254915802551     
  -145.08422342755844       -73.111380041645972       -19.101217305279356       -36.013390541732370     
  -145.60764996008433       -74.070168837065054       -20.399902723492893       -36.720169305316148     
  -145.88071214140237       -74.093132095160627       -20.012340853435358       -36.875532198921384     
  -146.16139343994573       -74.553004877408000       -19.802383718449569       -37.157648798715883     
  -145.64392000385450       -73.375890026652371       -19.136870896368265       -36.260069239466141     
  -145.60478118883282       -73.173942711805779       -19.946034055273394       -36.341763365219144     
  -146.47109532487505       -74.493878881696560       -20.410832154110317       -37.157705078597630     
  -146.28876386278449       -73.764054798781885       -19.503050633965103       -36.873229956637346     
  -146.17187514184513       -73.606212724566149       -19.333481301017805       -36.530565688594223     
  -145.81958980547034       -72.568589362597592       -19.614091828413727       -36.168030866886596     
  -146.91534037929659       -74.490853481804052       -20.535718905797285       -37.290396430664579     
  -146.56381933633864       -73.337205524979936       -19.351423849323265       -36.779184988757535     
  -146.52238413096663       -73.298565971337396       -19.300510919950767       -36.513162612635462     
  -146.13123893094473       -72.283288597412948       -19.594534673539378       -36.157141601803410     
  -147.20316499395912       -74.104608771285726       -20.419446063253414       -37.240050588435885     
  -146.90059381293045       -73.034300204900120       -19.292900026285402       -36.777677538319388     
  -146.80039839869062       -72.977412838632318       -19.226464652285795       -36.479413490201495     
  -146.41830684393148       -71.930267330531038       -19.544701959358008       -36.114042825413009     
  -147.48401389617601       -73.778366811244354       -20.381834160512607       -37.211384470847690     
  -147.20868262151362       -72.653703681281741       -19.206834471162189       -36.730241587292262     
  -147.08120192912361       -72.756411434687010       -19.225136539276047       -36.486492633146604     
  -146.65775745701370       -71.557960835092132       -19.458424996134923       -36.039148649582614     
  -147.73661077143811       -73.512982176990477       -20.365092992033702       -37.184366549479840     
  -147.34101172961141       -72.244637706666921       -19.097491736627230       -36.629017930528178     
  -147.35035110114791       -72.519541548617838       -19.209687016692186       -36.465869925008775     
  -146.79871948619638       -71.148887342520922       -19.357174743913408       -35.921753937218853     
  -147.93939084688634       -73.219689514997441       -20.338630865796247       -37.132653278143849     
  -147.48382943786453       -71.843475844430429       -18.990386640354551       -36.527556853772282     
  -147.56228330776904       -72.263285720042560       -19.191782329510477       -36.432543173518731     
  -146.93637418630175       -70.734809848149183       -19.254172847121104       -35.807822037099477     
  -148.13916388306401       -72.923983557560703       -20.317635616855334       -37.091452469056591     
  -147.64262917095604       -71.418245773984992       -18.875920398138206       -36.432921454176139     
  -147.79627958308694       -71.988829743015899       -19.170909993616526       -36.416977697630287     
  -147.09245981320089       -70.262053156364999       -19.127804283154269       -35.697883644400576     
  -148.36772491967420       -72.597102601299284       -20.298014404282984       -37.064498902970222     
  -147.80642936908251       -70.912088598548721       -18.736497723732061       -36.331829901148559     
  -148.03486215398598       -71.661362861149712       -19.153092696843117       -36.402429523340643     
  -147.20978684545278       -69.675885789453233       -18.956816306182304       -35.549118675412558     
  -148.57462185682687       -72.240949054685714       -20.297676635769854       -37.037297836179498     
  -147.92533091362776       -70.371170367963785       -18.600064015454329       -36.212158566535301     
  -148.23690581054396       -71.351465012221283       -19.153862910709364       -36.384141844493158     
  -147.19002926998260       -69.071916326804995       -18.781534934757421       -35.375321200412856     
  -148.77438630539123       -71.986630438947969       -20.336996186288872       -37.009872438457890     
  -147.96586358139550       -69.876275448233216       -18.473649588528193       -36.068735099511692     
  -148.42898200343282       -71.192844688285135       -19.199604230588712       -36.375517181590013     
  -147.14423362216226       -68.563169812000964       -18.593826175611994       -35.158904691375845     
  -148.89153686742677       -71.714430853293294       -20.357814325621490       -36.953321586495193     
  -147.96424986832920       -69.412863496567354       -18.336145605023887       -35.897429061194167     
  -148.58641573198014       -71.009774446303595       -19.228769745180742       -36.352479734671839     
  -147.09730444515071       -68.049113524035064       -18.405330345931887       -34.941935524102583     
  -148.93989823815804       -71.385698466655526       -20.350933431970084       -36.854042983987085     
  -147.93855567055954       -68.836052761647551       -18.174261288314160       -35.710277874828925     
  -148.75751513244634       -70.904957344345078       -19.301410236329492       -36.387937634157772     
  -147.05803327137133       -67.425601054849793       -18.178646006160093       -34.701278764717301     
  -149.00054149714407       -71.043274170004693       -20.419371847471613       -36.762730832770544     
  -148.00505315405903       -68.375521686196080       -18.185953125187648       -35.575598601637907     
  -148.77926408481733       -70.426930257054437       -19.223670160743122       -36.302777529911964     
  -147.11108130258125       -66.848948578879771       -18.051238314687879       -34.514273302344563     
  -148.96315457782319       -70.464488645460420       -20.374029589649123       -36.574378455571107     
  -148.08531652832750       -67.968709284292771       -18.224204152051751       -35.456421295068431     
  -148.71718969104811       -69.680230072659157       -19.076244832436753       -36.072450323832250     
  -147.10570018076552       -66.396085517833839       -17.992561914534082       -34.373967021437430     
  -149.00571854388156       -70.007163843554721       -20.301802263787543       -36.475306143915297     
  -148.07697644812424       -67.486258978681647       -18.076668210179484       -35.314011008074900     
  -148.72387382719165       -69.262869313910244       -18.974806845506095       -35.957742659793539     
  -147.06230259673063       -65.922238632246803       -17.848846810448958       -34.208284178010253     
  -148.96480749975220       -69.618092634546358       -20.221635859592364       -36.341702916275167     
  -148.00385970688211       -67.069385775306202       -17.966455670857634       -35.152111595595564     
  -148.65063862195899       -68.934452411049705       -18.910995232893178       -35.816252091716919     
  -146.89826147350348       -65.467007674983904       -17.721037975189613       -33.975259179724524     
  -148.81236479071262       -69.280395115634690       -20.186541430598133       -36.150139742678263     
  -147.83958531713012       -66.702686269637312       -17.905344853183422       -34.946080348410817     
  -148.48182353148630       -68.593070372460403       -18.846802642322210       -35.626785000774390     
  -146.67497801361912       -65.029131429334896       -17.598822229043499       -33.713233082695268     
  -148.60880498162282       -68.905424048024784       -20.128272601290874       -35.934476576612063     
  -147.65543690452068       -66.244436452747991       -17.829727088099602       -34.715680691480372     
  -148.38058604331701       -68.253082879068742       -18.801285549905689       -35.499791998193139     
  -146.52337066867710       -64.480166271981844       -17.444469679733835       -33.477588212844715     
  -148.46143453411651       -68.379045669231346       -20.071275658474086       -35.728004706822603     
  -147.59263663375580       -65.678409957708752       -17.791268143769408       -34.550152861087021     
  -148.57932463479685       -68.115251809247383       -18.954742434185150       -35.659600198089365     
  -146.58916401045249       -63.844812609821247       -17.078060203727972       -33.349243293989318     
  -148.52058019930035       -67.717037409469569       -19.921973294004214       -35.654958865713759     
  -147.70347673242139       -65.048556656723619       -17.705883192724901       -34.463380689703413     
  -148.68475894663402       -67.443251277075376       -18.811479951144037       -35.638778886166129     
  -146.72411683469932       -63.151535971240456       -16.886224310285268       -33.300650213538866     
  -148.53583143843076       -66.918044493374254       -19.743237735456805       -35.525841466085325     
  -147.79175353634673       -64.438161757188425       -17.623598033707829       -34.442177015143287     
  -148.64556746821685       -66.529639797671578       -18.507573405488298       -35.522765139764843     
  -147.07647512657579       -63.120952281856077       -16.700618194724573       -33.463479190739925     
  -147.88602620317215       -65.069472519045362       -18.948521389028880       -34.762177785526227     
  -147.96218964605683       -64.492480966001807       -17.824313930145962       -34.698733236304307     
  -147.86928054570336       -64.330543840375569       -17.198064915102115       -34.864688578562991     
  -148.64973550382203       -66.400127894646303       -18.327941134707366       -35.269122491086719     
  -146.20077016222731       -61.568296285086362       -16.716151460655126       -32.837909129881211     
  -148.23330417329294       -65.916762524360820       -19.702943629024631       -35.165376992475785     
  -147.22676116606459       -63.131966431684972       -17.380564975807598       -33.947317438382576     
  -148.19672232731787       -65.926262586066585       -18.578752325997232       -35.134290950291387     
  -146.03414080308340       -61.532155416254028       -16.515698598478874       -32.637460464808875     
  -147.75288939537424       -65.390385791860723       -19.419951720792653       -34.807472112860097     
