         111
  -3.4861876113180773E-004  -1.1159673388635262E-004   1.8222622074860285E-005   7.7756237625102177E-005
 -0.98788229089387458       -2.2030405582629684      -0.88196396424489321       -1.0900254216361456     
  -1.3338592456509912       -2.5576508923703565      -0.86684956921690293       -1.1753026149116224     
  -1.6089991442335121       -2.7993015506003096      -0.83990896711771779       -1.1987842736086538     
  -1.8916672847220064       -2.9904384931699743      -0.79875794763474994       -1.2127154198797676     
  -2.1851335379723316       -3.2271611660204105      -0.84222988182359360       -1.2758782684889216     
  -2.4768630186624261       -3.4224249876857948      -0.85665775585272530       -1.3196082177614235     
  -2.7707436134323484       -3.6163867130801228      -0.88326596732577678       -1.3720729104152851     
  -3.0663263367302545       -3.7975486982119238      -0.90868760715622876       -1.4220983045865756     
  -3.3647458968983686       -3.9757310473222947      -0.93894417468724278       -1.4765415801925421     
  -3.6653900867791305       -4.1475971651273920      -0.96995251102099711       -1.5310883692659472     
  -3.9684032494364105       -4.3155674706567897       -1.0018445229073047       -1.5870736174718849     
  -4.2736828875480732       -4.4796874540203993       -1.0343863987798128       -1.6435407448447426     
  -4.5900845061091129       -4.6602781380277776       -1.0743419219971422       -1.7102135132239507     
  -4.9116516121182094       -4.8419876303201725       -1.1162045319166960       -1.7785867119431740     
  -5.2365712301045448       -5.0204859724566253       -1.1563081386021343       -1.8460830140079498     
  -5.5647174798063208       -5.1964348617410749       -1.1952629328538309       -1.9129561914788720     
  -5.8959540097885883       -5.3702714715960012       -1.2338416078089802       -1.9795696385471548     
  -6.2300541408480594       -5.5421197670837810       -1.2721341551932688       -2.0459838648193260     
  -6.5667635049577804       -5.7119257652305864       -1.3099981392076705       -2.1121258338620064     
  -6.9059075141804591       -5.8798543798576661       -1.3475090358508219       -2.1780488285625492     
  -7.2473299103232129       -6.0460589455499214       -1.3847210041457483       -2.2438035785608568     
  -7.5907833115349508       -6.2105275255788843       -1.4216396373544333       -2.3093904802506149     
  -7.9362175937992303       -6.3735269862768122       -1.4583225309713546       -2.3748838090119091     
  -8.2833980765454474       -6.5350348524513384       -1.4947401171951893       -2.4402622583894171     
  -8.6411820465501812       -6.7145523906994979       -1.5381582355978036       -2.5149908421710450     
  -9.0031676546979966       -6.8964489362936643       -1.5825649292824877       -2.5908892900391045     
  -9.3676276446057258       -7.0757108862244360       -1.6245115444533798       -2.6651200390391567     
  -9.7347949822526214       -7.2540437057867875       -1.6654716247775436       -2.7388161505845043     
  -10.104323447907708       -7.4311964071427354       -1.7060447008822446       -2.8121057012719071     
  -10.476010473910305       -7.6071367865058903       -1.7461406336619492       -2.8850468409346375     
  -10.849596543689101       -7.7817674988978798       -1.7857852790801680       -2.9576337738056617     
  -11.224871462016313       -7.9552126742191378       -1.8251137329402620       -3.0299785176609375     
  -11.601844189412162       -8.1275409503467966       -1.8642458388965686       -3.1021666470743052     
  -11.980173572554198       -8.2987649213841621       -1.9031682397614726       -3.1742026276412196     
  -12.359785861694192       -8.4689660715267507       -1.9419511967284595       -3.2461494382824609     
  -12.740513286249824       -8.6382060283802140       -1.9806244791723508       -3.3180296797716102     
  -13.130755494986813       -8.8251916182071479       -2.0261179876938717       -3.3989751669562467     
  -13.524448738142706       -9.0145330403761079       -2.0727079934981916       -3.4808711663732481     
  -13.919856547245086       -9.2017348446320195       -2.1170243272982385       -3.5613167994947945     
  -14.313530134262416       -9.4011726372504878       -2.1727684128482680       -3.6509063820033818     
  -14.723968969914239       -9.5767206112831911       -2.2005918222326795       -3.7200008371247786     
  -15.112718229683312       -9.7735052810906602       -2.2577089978289422       -3.8100681934856500     
  -15.529773011229501       -9.9468902128785288       -2.2853447112093832       -3.8781062800728945     
  -15.917913088030893       -10.140847887604057       -2.3425490032020715       -3.9679540717689217     
  -16.338393493182714       -10.312699889430940       -2.3700491180043537       -4.0356668191419933     
  -16.727617116229588       -10.505879564458615       -2.4282141070158856       -4.1260377725098056     
  -17.149641586633066       -10.675210358660296       -2.4547438093718377       -4.1931880701978503     
  -17.539829207099935       -10.867625453075156       -2.5134844742486036       -4.2838652034878919     
  -17.970517093768819       -11.052674999520498       -2.5460200631530374       -4.3594752876856893     
  -18.374374876889885       -11.272658208118207       -2.6207583736857729       -4.4649661461633912     
  -18.799993119856619       -11.454834325397879       -2.6474784263736573       -4.5396543043404494     
  -19.216931335239508       -11.662023986338136       -2.7050786592803400       -4.6325608414017845     
  -19.639363606873925       -11.854169142782988       -2.7483566246181006       -4.7163569074302183     
  -20.061141773929950       -12.054227466666667       -2.7975532609476748       -4.8045573368730849     
  -20.484183051237629       -12.249593776352031       -2.8441291569629996       -4.8905015986257219     
  -20.907301941107029       -12.446213188372052       -2.8915963896862777       -4.9774080234241875     
  -21.331094680229846       -12.641702496576466       -2.9386619346801086       -5.0639391834894241     
  -21.755013568567346       -12.837289831089262       -2.9860035747314710       -5.1508348890465463     
  -22.179058073757655       -13.032169765705479       -3.0331478509469134       -5.2376285400241169     
  -22.603174786290992       -13.227140493420881       -3.0805409624440716       -5.3247527559380412     
  -23.034928117334413       -13.439043865348379       -3.1348036356785034       -5.4204932512173860     
  -23.468090385430234       -13.651534482563939       -3.1883276534525264       -5.5161142484869421     
  -23.902355690465885       -13.864293738404871       -3.2410544918196544       -5.6113698074494618     
  -24.337268437140988       -14.076962123451386       -3.2934399394815768       -5.7064126072331227     
  -24.772723678702835       -14.289428239570928       -3.3454248393913697       -5.8012333412778032     
  -25.208581598639672       -14.501888064759987       -3.3973281287497623       -5.8960185156947915     
  -25.644631711802820       -14.714172426384341       -3.4491143885710427       -5.9907394341361844     
  -26.080761803516239       -14.926404183523015       -3.5008988642806189       -6.0854852557252723     
  -26.516835636442966       -15.138605515002743       -3.5527285136118398       -6.1802841486827287     
  -26.952728369019582       -15.350822780045700       -3.6046316188875993       -6.2751594792132348     
  -27.388324123408193       -15.563112363610717       -3.6566479293873395       -6.3701333886858489     
  -27.823518911109765       -15.775545345269880       -3.7088090345218943       -6.4652245462129887     
  -28.267562276087361       -16.010741164397889       -3.7737202529238001       -6.5723457137832497     
  -28.707901620356388       -16.230814004014320       -3.8207789618337840       -6.6689986815661531     
  -29.153542314965762       -16.471429566806982       -3.8902554079968881       -6.7782837387436183     
  -29.594213907933550       -16.689929016416322       -3.9341085472918653       -6.8729369793311417     
  -30.040158228739234       -16.932388945237673       -4.0044441395743124       -6.9824549962252451     
  -30.480508437178280       -17.151035237245157       -4.0479882176376201       -7.0765780245400460     
  -30.925797125158653       -17.394063311999354       -4.1183877208229411       -7.1859509408571682     
  -31.365278371042322       -17.613647263478526       -4.1624309886674622       -7.2801518267542109     
  -31.809207706733027       -17.857107467920098       -4.2329452680874571       -7.3894687999579345     
  -32.247250021483943       -18.077920089384715       -4.2776550307788463       -7.4840214896159951     
  -32.689261283049966       -18.322096850859214       -4.3484615381960383       -7.5935219479883642     
  -33.125309511981456       -18.544313025759628       -4.3938686712584820       -7.6886072111812114     
  -33.571163196020926       -18.803492696119719       -4.4707768671205788       -7.8054533133690622     
  -34.012161898161608       -19.041451134623781       -4.5213839271258971       -7.9076163607342798     
  -34.457598778306370       -19.302900224025521       -4.5975263858863462       -8.0244493025172083     
  -34.899713228694182       -19.548794883243577       -4.6532303813985472       -8.1302867138296655     
  -35.341403686475381       -19.803403434731667       -4.7192624902280675       -8.2417635284597743     
  -35.781968287646201       -20.054216691398139       -4.7803634522705245       -8.3504371322328517     
  -36.221654690780802       -20.308163845756610       -4.8440032682501997       -8.4609876790794427     
  -36.660044472384804       -20.561546710701606       -4.9068439018846615       -8.5710105382820245     
  -37.097286371964437       -20.816187990997435       -4.9701438435928491       -8.6816630218959716     
  -37.533300867217328       -21.071414849756394       -5.0336439978835141       -8.7925087416219956     
  -37.968035255444534       -21.327462649840697       -5.0972605012382859       -8.9036376486173623     
  -38.401525170056239       -21.584310437328938       -5.1611418437335308       -9.0150083880617160     
  -38.839085162305132       -21.853942621016980       -5.2300729077797730       -9.1324906338050358     
  -39.276561392874783       -22.124811350812610       -5.2983654613895927       -9.2497637711441865     
  -39.713593878680001       -22.396640922894036       -5.3663532089252781       -9.3667490846266617     
  -40.150213202865238       -22.669262610370442       -5.4341658518365774       -9.4834532310816755     
  -40.586422349174534       -22.942683308018786       -5.5019275839434645       -9.5999201342603158     
  -41.022183152909129       -23.216773802900352       -5.5697047977770771       -9.7161298941601704     
  -41.457526419899267       -23.491486658721183       -5.6375162177277538       -9.8320874789382611     
  -41.892477440823207       -23.766770911819762       -5.7054038004405179       -9.9478052807926396     
  -42.327070348989537       -24.042556278341355       -5.7733539069041617       -10.063281974935869     
  -42.761364132243514       -24.318798814575491       -5.8413739762587582       -10.178539837538921     
  -43.195416244554600       -24.595434356968063       -5.9094398718958825       -10.293595408660925     
  -43.629287525618281       -24.872404324363135       -5.9775289475635924       -10.408473899158974     
  -44.067367089252549       -25.159323287679292       -6.0495688234385883       -10.527989299737911     
  -44.506334152920267       -25.446777850308081       -6.1208543346160385       -10.647098707632589     
