          11
  -3.4861876113180773E-004  -1.1159673388635262E-004   1.8222622074860285E-005   7.7756237625102177E-005
 -0.98788229089387458       -2.2030405582629684      -0.88196396424489321       -1.0900254216361456     
  -1.3338592456509912       -2.5576508923703565      -0.86684956921690293       -1.1753026149116224     
  -1.6089991442335121       -2.7993015506003096      -0.83990896711771779       -1.1987842736086538     
  -1.8916672847220064       -2.9904384931699743      -0.79875794763474994       -1.2127154198797676     
  -2.1851335379723316       -3.2271611660204105      -0.84222988182359360       -1.2758782684889216     
  -2.4768630186624261       -3.4224249876857948      -0.85665775585272530       -1.3196082177614235     
  -2.7707436134323484       -3.6163867130801228      -0.88326596732577678       -1.3720729104152851     
  -3.0663263367302545       -3.7975486982119238      -0.90868760715622876       -1.4220983045865756     
  -3.3647458968983686       -3.9757310473222947      -0.93894417468724278       -1.4765415801925421     
  -3.6653900867791305       -4.1475971651273920      -0.96995251102099711       -1.5310883692659472     
