          21
  -3.4861876113180773E-004  -1.1159673388635262E-004   1.8222622074860285E-005   7.7756237625102177E-005
 -0.98788229089387458       -2.2030405582629684      -0.88196396424489321       -1.0900254216361456     
  -1.3338592456509912       -2.5576508923703565      -0.86684956921690293       -1.1753026149116224     
  -1.6089991442335121       -2.7993015506003096      -0.83990896711771779       -1.1987842736086538     
  -1.8916672847220064       -2.9904384931699743      -0.79875794763474994       -1.2127154198797676     
  -2.1851335379723316       -3.2271611660204105      -0.84222988182359360       -1.2758782684889216     
  -2.4768630186624261       -3.4224249876857948      -0.85665775585272530       -1.3196082177614235     
  -2.7707436134323484       -3.6163867130801228      -0.88326596732577678       -1.3720729104152851     
  -3.0663263367302545       -3.7975486982119238      -0.90868760715622876       -1.4220983045865756     
  -3.3647458968983686       -3.9757310473222947      -0.93894417468724278       -1.4765415801925421     
  -3.6653900867791305       -4.1475971651273920      -0.96995251102099711       -1.5310883692659472     
  -3.9684032494364105       -4.3155674706567897       -1.0018445229073047       -1.5870736174718849     
  -4.2736828875480732       -4.4796874540203993       -1.0343863987798128       -1.6435407448447426     
  -4.5900845061091129       -4.6602781380277776       -1.0743419219971422       -1.7102135132239507     
  -4.9116516121182094       -4.8419876303201725       -1.1162045319166960       -1.7785867119431740     
  -5.2365712301045448       -5.0204859724566253       -1.1563081386021343       -1.8460830140079498     
  -5.5647174798063208       -5.1964348617410749       -1.1952629328538309       -1.9129561914788720     
  -5.8959540097885883       -5.3702714715960012       -1.2338416078089802       -1.9795696385471548     
  -6.2300541408480594       -5.5421197670837810       -1.2721341551932688       -2.0459838648193260     
  -6.5667635049577804       -5.7119257652305864       -1.3099981392076705       -2.1121258338620064     
  -6.9059075141804591       -5.8798543798576661       -1.3475090358508219       -2.1780488285625492     
