          51
  -3.4861876113180773E-004  -1.1159673388635262E-004   1.8222622074860285E-005   7.7756237625102177E-005
 -0.98788229089387458       -2.2030405582629684      -0.88196396424489321       -1.0900254216361456     
  -1.3338592456509912       -2.5576508923703565      -0.86684956921690293       -1.1753026149116224     
  -1.6089991442335121       -2.7993015506003096      -0.83990896711771779       -1.1987842736086538     
  -1.8916672847220064       -2.9904384931699743      -0.79875794763474994       -1.2127154198797676     
  -2.1851335379723316       -3.2271611660204105      -0.84222988182359360       -1.2758782684889216     
  -2.4768630186624261       -3.4224249876857948      -0.85665775585272530       -1.3196082177614235     
  -2.7707436134323484       -3.6163867130801228      -0.88326596732577678       -1.3720729104152851     
  -3.0663263367302545       -3.7975486982119238      -0.90868760715622876       -1.4220983045865756     
  -3.3647458968983686       -3.9757310473222947      -0.93894417468724278       -1.4765415801925421     
  -3.6653900867791305       -4.1475971651273920      -0.96995251102099711       -1.5310883692659472     
  -3.9684032494364105       -4.3155674706567897       -1.0018445229073047       -1.5870736174718849     
  -4.2736828875480732       -4.4796874540203993       -1.0343863987798128       -1.6435407448447426     
  -4.5900845061091129       -4.6602781380277776       -1.0743419219971422       -1.7102135132239507     
  -4.9116516121182094       -4.8419876303201725       -1.1162045319166960       -1.7785867119431740     
  -5.2365712301045448       -5.0204859724566253       -1.1563081386021343       -1.8460830140079498     
  -5.5647174798063208       -5.1964348617410749       -1.1952629328538309       -1.9129561914788720     
  -5.8959540097885883       -5.3702714715960012       -1.2338416078089802       -1.9795696385471548     
  -6.2300541408480594       -5.5421197670837810       -1.2721341551932688       -2.0459838648193260     
  -6.5667635049577804       -5.7119257652305864       -1.3099981392076705       -2.1121258338620064     
  -6.9059075141804591       -5.8798543798576661       -1.3475090358508219       -2.1780488285625492     
  -7.2473299103232129       -6.0460589455499214       -1.3847210041457483       -2.2438035785608568     
  -7.5907833115349508       -6.2105275255788843       -1.4216396373544333       -2.3093904802506149     
  -7.9362175937992303       -6.3735269862768122       -1.4583225309713546       -2.3748838090119091     
  -8.2833980765454474       -6.5350348524513384       -1.4947401171951893       -2.4402622583894171     
  -8.6411820465501812       -6.7145523906994979       -1.5381582355978036       -2.5149908421710450     
  -9.0031676546979966       -6.8964489362936643       -1.5825649292824877       -2.5908892900391045     
  -9.3676276446057258       -7.0757108862244360       -1.6245115444533798       -2.6651200390391567     
  -9.7347949822526214       -7.2540437057867875       -1.6654716247775436       -2.7388161505845043     
  -10.104323447907708       -7.4311964071427354       -1.7060447008822446       -2.8121057012719071     
  -10.476010473910305       -7.6071367865058903       -1.7461406336619492       -2.8850468409346375     
  -10.849596543689101       -7.7817674988978798       -1.7857852790801680       -2.9576337738056617     
  -11.224871462016313       -7.9552126742191378       -1.8251137329402620       -3.0299785176609375     
  -11.601844189412162       -8.1275409503467966       -1.8642458388965686       -3.1021666470743052     
  -11.980173572554198       -8.2987649213841621       -1.9031682397614726       -3.1742026276412196     
  -12.359785861694192       -8.4689660715267507       -1.9419511967284595       -3.2461494382824609     
  -12.740513286249824       -8.6382060283802140       -1.9806244791723508       -3.3180296797716102     
  -13.130755494986813       -8.8251916182071479       -2.0261179876938717       -3.3989751669562467     
  -13.524448738142706       -9.0145330403761079       -2.0727079934981916       -3.4808711663732481     
  -13.919856547245086       -9.2017348446320195       -2.1170243272982385       -3.5613167994947945     
  -14.313530134262416       -9.4011726372504878       -2.1727684128482680       -3.6509063820033818     
  -14.723968969914239       -9.5767206112831911       -2.2005918222326795       -3.7200008371247786     
  -15.112718229683312       -9.7735052810906602       -2.2577089978289422       -3.8100681934856500     
  -15.529773011229501       -9.9468902128785288       -2.2853447112093832       -3.8781062800728945     
  -15.917913088030893       -10.140847887604057       -2.3425490032020715       -3.9679540717689217     
  -16.338393493182714       -10.312699889430940       -2.3700491180043537       -4.0356668191419933     
  -16.727617116229588       -10.505879564458615       -2.4282141070158856       -4.1260377725098056     
  -17.149641586633066       -10.675210358660296       -2.4547438093718377       -4.1931880701978503     
  -17.539829207099935       -10.867625453075156       -2.5134844742486036       -4.2838652034878919     
  -17.970517093768819       -11.052674999520498       -2.5460200631530374       -4.3594752876856893     
  -18.374374876889885       -11.272658208118207       -2.6207583736857729       -4.4649661461633912     
